Time	CellId	RNTI	BWPId	SINR(dB)
0.309571	1	14	0	36.7984
0.309607	1	1	0	27.0644
0.309643	1	2	0	29.3224
0.309679	1	3	0	21.7824
0.309714	1	4	0	31.6908
0.30975	1	5	0	34.5371
0.309786	1	6	0	36.1918
0.309821	1	11	0	32.2701
0.309893	1	12	0	37.6759
0.309964	1	13	0	32.1922
0.310071	1	14	0	36.7984
0.310107	1	1	0	27.0644
0.310143	1	2	0	29.3224
0.310179	1	3	0	21.7824
0.310214	1	4	0	31.6908
0.310286	1	5	0	34.5371
0.310321	1	6	0	36.1918
0.310393	1	11	0	32.2701
0.310429	1	12	0	37.6759
0.310464	1	13	0	32.1922
0.310571	1	14	0	36.7984
0.310607	1	1	0	27.0644
0.310643	1	2	0	29.3224
0.310679	1	3	0	21.7824
0.31075	1	4	0	31.6908
0.310786	1	5	0	34.5371
0.310857	1	6	0	36.1918
0.310893	1	11	0	32.2701
0.310929	1	12	0	37.6759
0.310964	1	13	0	32.1922
0.311071	1	14	0	36.7984
0.311107	1	1	0	27.0644
0.311179	1	2	0	29.3224
0.31125	1	3	0	21.7824
0.311286	1	4	0	31.6908
0.311321	1	5	0	34.5371
0.311357	1	6	0	36.1918
0.311393	1	11	0	32.2701
0.311429	1	12	0	37.6759
0.311464	1	13	0	32.1922
0.311607	1	14	0	36.7984
0.311679	1	1	0	27.0644
0.311714	1	2	0	29.3224
0.31175	1	3	0	21.7824
0.311786	1	4	0	31.6908
0.311821	1	5	0	34.5371
0.311857	1	6	0	36.1918
0.311893	1	11	0	32.2701
0.311929	1	12	0	37.6759
0.311964	1	13	0	32.1922
0.312071	1	14	0	36.7984
0.312107	1	1	0	27.0644
0.312143	1	2	0	29.3224
0.312179	1	3	0	21.7824
0.312214	1	4	0	31.6908
0.31225	1	5	0	34.5371
0.312286	1	6	0	36.1918
0.312321	1	11	0	32.2701
0.312393	1	12	0	37.6759
0.312464	1	13	0	32.1922
0.312571	1	14	0	36.7984
0.312607	1	1	0	27.0644
0.312643	1	2	0	29.3224
0.312679	1	3	0	21.7824
0.312714	1	4	0	31.6908
0.31275	1	5	0	34.5371
0.312786	1	6	0	36.1918
0.312821	1	11	0	32.2701
0.360071	3	14	0	45.9729
0.360107	3	1	0	31.0734
0.360143	3	2	0	38.853
0.360179	3	3	0	32.0609
0.360214	3	4	0	33.2581
0.36025	3	5	0	21.7787
0.360286	3	6	0	28.694
0.360321	3	11	0	30.2136
0.360393	3	12	0	31.8638
0.360464	3	13	0	35.3859
0.360571	3	14	0	45.9729
0.360607	3	1	0	31.0734
0.360643	3	2	0	38.853
0.360679	3	3	0	32.0609
0.360714	3	4	0	33.2581
0.360786	3	5	0	21.7787
0.360821	3	6	0	28.694
0.360893	3	11	0	30.2136
0.360929	3	12	0	31.8638
0.360964	3	13	0	35.3859
0.361071	3	14	0	45.9729
0.361107	3	1	0	31.0734
0.361143	3	2	0	38.853
0.361179	3	3	0	32.0609
0.36125	3	4	0	33.2581
0.361286	3	5	0	21.7787
0.361357	3	6	0	28.694
0.361393	3	11	0	30.2136
0.361429	3	12	0	31.8638
0.361464	3	13	0	35.3859
0.361571	3	14	0	45.9729
0.361607	3	1	0	31.0734
0.361643	3	2	0	38.853
0.361714	3	3	0	32.0609
0.36175	3	4	0	33.2581
0.361786	3	5	0	21.7787
0.361821	3	6	0	28.694
0.361857	3	11	0	30.2136
0.361893	3	12	0	31.8638
0.361929	3	13	0	35.3859
0.362107	3	14	0	45.9729
0.362143	3	1	0	31.0734
0.362214	3	2	0	38.853
0.36225	3	3	0	32.0609
0.362286	3	4	0	33.2581
0.362321	3	5	0	21.7787
0.362357	3	6	0	28.694
0.362393	3	11	0	30.2136
0.362429	3	12	0	31.8638
0.362464	3	13	0	35.3859
0.362571	3	14	0	45.9729
0.362643	3	1	0	31.0734
0.362679	3	2	0	38.853
0.362714	3	3	0	32.0609
0.36275	3	4	0	33.2581
0.362786	3	5	0	21.7787
0.362821	3	6	0	28.694
0.362857	3	11	0	30.2136
0.362893	3	12	0	31.8638
0.362964	3	13	0	35.3859
0.363071	3	14	0	45.9729
0.363107	3	1	0	31.0734
0.363143	3	2	0	38.853
0.363179	3	3	0	32.0609
0.363214	3	4	0	33.2581
0.36325	3	5	0	21.7787
0.363286	3	6	0	28.694
0.363321	3	11	0	30.2136
0.363357	3	12	0	31.8638
0.369071	5	15	0	31.2037
0.369107	5	14	0	28.3346
0.369143	5	1	0	55.5115
0.369179	5	2	0	59.2815
0.369214	5	3	0	41.0762
0.36925	5	4	0	42.3039
0.369286	5	5	0	34.2419
0.369321	5	11	0	44.1872
0.369393	5	12	0	32.9886
0.369464	5	13	0	62.0162
0.369571	5	15	0	31.2037
0.369607	5	14	0	28.3346
0.369643	5	1	0	55.5115
0.369679	5	2	0	59.2815
0.369714	5	3	0	41.0762
0.369786	5	4	0	42.3039
0.369821	5	5	0	34.2419
0.369893	5	11	0	44.1872
0.369929	5	12	0	32.9886
0.369964	5	13	0	62.0162
0.370071	5	15	0	31.2037
0.370107	5	14	0	28.3346
0.370143	5	1	0	55.5115
0.370179	5	2	0	59.2815
0.37025	5	3	0	41.0762
0.370286	5	4	0	42.3039
0.370357	5	5	0	34.2419
0.370393	5	11	0	44.1872
0.370429	5	12	0	32.9886
0.370464	5	13	0	62.0162
0.370571	5	15	0	31.2037
0.370607	5	14	0	28.3346
0.370679	5	1	0	55.5115
0.37075	5	2	0	59.2815
0.370786	5	3	0	41.0762
0.370821	5	4	0	42.3039
0.370857	5	5	0	34.2419
0.370893	5	11	0	44.1872
0.370929	5	12	0	32.9886
0.370964	5	13	0	62.0162
0.371107	5	15	0	31.2037
0.371179	5	14	0	28.3346
0.371214	5	1	0	55.5115
0.37125	5	2	0	59.2815
0.371286	5	3	0	41.0762
0.371321	5	4	0	42.3039
0.371357	5	5	0	34.2419
0.371393	5	11	0	44.1872
0.371429	5	12	0	32.9886
0.371464	5	13	0	62.0162
0.371571	5	15	0	31.2037
0.371607	5	14	0	28.3346
0.371643	5	1	0	55.5115
0.371679	5	2	0	59.2815
0.371714	5	3	0	41.0762
0.37175	5	4	0	42.3039
0.371786	5	5	0	34.2419
0.371821	5	11	0	44.1872
0.371893	5	12	0	32.9886
0.371964	5	13	0	62.0162
0.372071	5	15	0	31.2037
0.372107	5	14	0	28.3346
0.372143	5	1	0	55.5115
0.372179	5	2	0	59.2815
0.372214	5	3	0	41.0762
0.37225	5	4	0	42.3039
0.372286	5	5	0	34.2419
0.372321	5	11	0	44.1872
0.432464	5	1	0	55.5115
0.432964	5	1	0	55.5115
0.433464	5	1	0	55.5115
0.433964	5	1	0	55.5115
0.434464	5	1	0	55.5115
0.434964	5	1	0	55.5115
0.435464	5	1	0	55.5115
0.435964	5	1	0	55.5115
0.436464	5	1	0	55.5115
0.436964	5	1	0	55.5115
0.437464	5	1	0	55.5115
0.437964	5	1	0	55.5115
0.438464	5	1	0	55.5115
0.438964	5	1	0	55.5115
0.439464	5	1	0	55.5115
0.439964	5	1	0	55.5115
0.440464	5	1	0	55.5115
0.440964	5	1	0	55.5115
0.441464	5	1	0	55.5115
0.441964	5	1	0	55.5115
0.442464	5	1	0	55.5115
0.442964	5	1	0	55.5115
0.443464	5	1	0	55.5115
0.443964	5	1	0	55.5115
0.444464	5	1	0	55.5115
0.444964	5	1	0	55.5115
0.445464	5	1	0	55.5115
0.445929	5	1	0	55.5115
0.446464	5	1	0	55.5115
0.446929	5	1	0	55.5115
0.447464	5	1	0	55.5115
0.447964	5	1	0	55.5115
0.448429	5	1	0	55.5115
0.448964	5	1	0	55.5115
0.449464	5	1	0	55.5115
0.449964	5	1	0	55.5115
0.450464	5	1	0	55.5115
0.450964	5	1	0	55.5115
0.451464	5	1	0	55.5115
0.451964	5	1	0	55.5115
0.452464	5	1	0	55.5115
0.452964	5	1	0	55.5115
0.453464	5	1	0	55.5115
0.453964	5	1	0	55.5115
0.454429	5	1	0	55.5115
0.454929	5	1	0	55.5115
0.455464	5	1	0	55.5115
0.455964	5	1	0	55.5115
0.456429	5	1	0	55.5115
0.456964	5	1	0	55.5115
0.457464	5	1	0	55.5115
0.457964	5	1	0	55.5115
0.458464	5	1	0	55.5115
0.458964	5	1	0	55.5115
0.459464	5	1	0	55.5115
0.459964	5	1	0	55.5115
0.460464	5	1	0	55.5115
0.460964	5	1	0	55.5115
0.461464	5	1	0	55.5115
0.461964	5	1	0	55.5115
0.462464	5	1	0	55.5115
0.462964	5	1	0	55.5115
0.463464	5	1	0	55.5115
0.463964	5	1	0	55.5115
0.464464	5	1	0	55.5115
0.464929	5	1	0	55.5115
0.465464	5	1	0	55.5115
0.465964	5	1	0	55.5115
0.466464	5	1	0	55.5115
0.466964	5	1	0	55.5115
0.467464	5	1	0	55.5115
0.467964	5	1	0	55.5115
0.468464	5	1	0	55.5115
0.468964	5	1	0	55.5115
0.469464	5	1	0	55.5115
0.469929	5	1	0	55.5115
0.470464	5	1	0	55.5115
0.470964	5	1	0	55.5115
0.471429	5	1	0	55.5115
0.471929	5	1	0	55.5115
0.472464	5	1	0	55.5115
0.472821	5	1	0	55.5115
0.493464	5	2	0	59.2815
0.493964	5	2	0	59.2815
0.494429	5	2	0	59.2815
0.494929	5	2	0	59.2815
0.495464	5	2	0	59.2815
0.495964	5	2	0	59.2815
0.496429	5	2	0	59.2815
0.496964	5	2	0	59.2815
0.497464	5	2	0	59.2815
0.497964	5	2	0	59.2815
0.498464	5	2	0	59.2815
0.498964	5	2	0	59.2815
0.499464	5	2	0	59.2815
0.499964	5	2	0	59.2815
0.500464	5	2	0	59.2815
0.500964	5	2	0	59.2815
0.501464	5	2	0	59.2815
0.501964	5	2	0	59.2815
0.502464	5	2	0	59.2815
0.502964	5	2	0	59.2815
0.503464	5	2	0	59.2815
0.503964	5	2	0	59.2815
0.504464	5	2	0	59.2815
0.504929	5	2	0	59.2815
0.505464	5	2	0	59.2815
0.505964	5	2	0	59.2815
0.506464	5	2	0	59.2815
0.506964	5	2	0	59.2815
0.507464	5	2	0	59.2815
0.507964	5	2	0	59.2815
0.508464	5	2	0	59.2815
0.508964	5	2	0	59.2815
0.509464	5	2	0	59.2815
0.509929	5	2	0	59.2815
0.510464	5	2	0	59.2815
0.510964	5	2	0	59.2815
0.511429	5	2	0	59.2815
0.511929	5	2	0	59.2815
0.512464	5	2	0	59.2815
0.512964	5	2	0	59.2815
0.513464	5	2	0	59.2815
0.513964	5	2	0	59.2815
0.514464	5	2	0	59.2815
0.514964	5	2	0	59.2815
0.515464	5	2	0	59.2815
0.515964	5	2	0	59.2815
0.516464	5	2	0	59.2815
0.516964	5	2	0	59.2815
0.517464	5	2	0	59.2815
0.517964	5	2	0	59.2815
0.518464	5	2	0	59.2815
0.518964	5	2	0	59.2815
0.519464	5	2	0	59.2815
0.519964	5	2	0	59.2815
0.520464	5	2	0	59.2815
0.520964	5	2	0	59.2815
0.521464	5	2	0	59.2815
0.521964	5	2	0	59.2815
0.522464	5	2	0	59.2815
0.522964	5	2	0	59.2815
0.523464	5	2	0	59.2815
0.523964	5	2	0	59.2815
0.524464	5	2	0	59.2815
0.524964	5	2	0	59.2815
0.525464	5	2	0	59.2815
0.525929	5	2	0	59.2815
0.526464	5	2	0	59.2815
0.526929	5	2	0	59.2815
0.527464	5	2	0	59.2815
0.527964	5	2	0	59.2815
0.528429	5	2	0	59.2815
0.528964	5	2	0	59.2815
0.529464	5	2	0	59.2815
0.529964	5	2	0	59.2815
0.530464	5	2	0	59.2815
0.530964	5	2	0	59.2815
0.531464	5	2	0	59.2815
0.531964	5	2	0	59.2815
0.532464	5	2	0	59.2815
0.532964	5	2	0	59.2815
0.533464	5	2	0	59.2815
0.533821	5	2	0	59.2815
0.549464	1	1	0	27.0644
0.549964	1	1	0	27.0644
0.550464	1	1	0	27.0644
0.550964	1	1	0	27.0644
0.551464	1	1	0	27.0644
0.551964	1	1	0	27.0644
0.552464	1	1	0	27.0644
0.552964	1	1	0	27.0644
0.553464	1	1	0	27.0644
0.553964	1	1	0	27.0644
0.554464	1	1	0	27.0644
0.554964	1	1	0	27.0644
0.555464	1	1	0	27.0644
0.555964	1	1	0	27.0644
0.556464	1	1	0	27.0644
0.556964	1	1	0	27.0644
0.557429	1	1	0	27.0644
0.557929	1	1	0	27.0644
0.558464	1	1	0	27.0644
0.558964	1	1	0	27.0644
0.559464	1	1	0	27.0644
0.559964	1	1	0	27.0644
0.560464	1	1	0	27.0644
0.560964	1	1	0	27.0644
0.561464	1	1	0	27.0644
0.561964	1	1	0	27.0644
0.562464	1	1	0	27.0644
0.562929	1	1	0	27.0644
0.563464	1	1	0	27.0644
0.563964	1	1	0	27.0644
0.564464	1	1	0	27.0644
0.564964	1	1	0	27.0644
0.565464	1	1	0	27.0644
0.565964	1	1	0	27.0644
0.566429	1	1	0	27.0644
0.566964	1	1	0	27.0644
0.567464	1	1	0	27.0644
0.567964	1	1	0	27.0644
0.568464	1	1	0	27.0644
0.568964	1	1	0	27.0644
0.569464	1	1	0	27.0644
0.569929	1	1	0	27.0644
0.570464	1	1	0	27.0644
0.570964	1	1	0	27.0644
0.571464	1	1	0	27.0644
0.571964	1	1	0	27.0644
0.572464	1	1	0	27.0644
0.572964	1	1	0	27.0644
0.573429	1	1	0	27.0644
0.573929	1	1	0	27.0644
0.574464	1	1	0	27.0644
0.574964	1	1	0	27.0644
0.575464	1	1	0	27.0644
0.575929	1	1	0	27.0644
0.576464	1	1	0	27.0644
0.576964	1	1	0	27.0644
0.577464	1	1	0	27.0644
0.577964	1	1	0	27.0644
0.578464	1	1	0	27.0644
0.578964	1	1	0	27.0644
0.579464	1	1	0	27.0644
0.579964	1	1	0	27.0644
0.580464	1	1	0	27.0644
0.580964	1	1	0	27.0644
0.581464	1	1	0	27.0644
0.581964	1	1	0	27.0644
0.582464	1	1	0	27.0644
0.582964	1	1	0	27.0644
0.583429	1	1	0	27.0644
0.583964	1	1	0	27.0644
0.584464	1	1	0	27.0644
0.584964	1	1	0	27.0644
0.585464	1	1	0	27.0644
0.585964	1	1	0	27.0644
0.586464	1	1	0	27.0644
0.586964	1	1	0	27.0644
0.587429	1	1	0	27.0644
0.587964	1	1	0	27.0644
0.588464	1	1	0	27.0644
0.588964	1	1	0	27.0644
0.589464	1	1	0	27.0644
0.589964	1	1	0	27.0644
0.590464	1	1	0	27.0644
0.590964	1	1	0	27.0644
0.591464	1	1	0	27.0644
0.591964	1	1	0	27.0644
0.592464	1	1	0	27.0644
0.592964	1	1	0	27.0644
0.593464	1	1	0	27.0644
0.593964	1	1	0	27.0644
0.594464	1	1	0	27.0644
0.594464	5	3	0	41.0762
0.594964	1	1	0	27.0644
0.594964	5	3	0	41.0762
0.595464	1	1	0	27.0644
0.595464	5	3	0	41.0762
0.595964	1	1	0	27.0644
0.595964	5	3	0	41.0762
0.596464	1	1	0	27.0644
0.596464	5	3	0	41.0762
0.596964	1	1	0	27.0644
0.596964	5	3	0	41.0762
0.597429	1	1	0	27.0644
0.597464	5	3	0	41.0762
0.597929	1	1	0	27.0644
0.597964	5	3	0	41.0762
0.598321	1	1	0	27.0644
0.598464	5	3	0	41.0762
0.598964	5	3	0	41.0762
0.599464	5	3	0	41.0762
0.599964	5	3	0	41.0762
0.600464	5	3	0	41.0762
0.600964	5	3	0	41.0762
0.601464	5	3	0	41.0762
0.601964	5	3	0	41.0762
0.602464	5	3	0	41.0762
0.602964	5	3	0	41.0762
0.603464	5	3	0	41.0762
0.603964	5	3	0	41.0762
0.604464	5	3	0	41.0762
0.604964	5	3	0	41.0762
0.605464	5	3	0	41.0762
0.605929	5	3	0	41.0762
0.606464	5	3	0	41.0762
0.606929	5	3	0	41.0762
0.607464	5	3	0	41.0762
0.607964	5	3	0	41.0762
0.608429	5	3	0	41.0762
0.608964	5	3	0	41.0762
0.609464	5	3	0	41.0762
0.609964	5	3	0	41.0762
0.610464	5	3	0	41.0762
0.610964	5	3	0	41.0762
0.611464	5	3	0	41.0762
0.611964	5	3	0	41.0762
0.612464	5	3	0	41.0762
0.612964	5	3	0	41.0762
0.613464	5	3	0	41.0762
0.613964	5	3	0	41.0762
0.614429	5	3	0	41.0762
0.614929	5	3	0	41.0762
0.615464	5	3	0	41.0762
0.615964	5	3	0	41.0762
0.616429	5	3	0	41.0762
0.616964	5	3	0	41.0762
0.617464	5	3	0	41.0762
0.617964	5	3	0	41.0762
0.618464	5	3	0	41.0762
0.618964	5	3	0	41.0762
0.619464	5	3	0	41.0762
0.619964	5	3	0	41.0762
0.620464	5	3	0	41.0762
0.620964	5	3	0	41.0762
0.621464	5	3	0	41.0762
0.621964	5	3	0	41.0762
0.622464	5	3	0	41.0762
0.622964	5	3	0	41.0762
0.623464	5	3	0	41.0762
0.623964	5	3	0	41.0762
0.624464	5	3	0	41.0762
0.624929	5	3	0	41.0762
0.625464	5	3	0	41.0762
0.625964	5	3	0	41.0762
0.626464	5	3	0	41.0762
0.626964	5	3	0	41.0762
0.627464	5	3	0	41.0762
0.627964	5	3	0	41.0762
0.628464	5	3	0	41.0762
0.628964	5	3	0	41.0762
0.629464	5	3	0	41.0762
0.629929	5	3	0	41.0762
0.630464	5	3	0	41.0762
0.630964	5	3	0	41.0762
0.631429	5	3	0	41.0762
0.631929	5	3	0	41.0762
0.632464	5	3	0	41.0762
0.632964	5	3	0	41.0762
0.633464	5	3	0	41.0762
0.633964	5	3	0	41.0762
0.634464	5	3	0	41.0762
0.634821	5	3	0	41.0762
0.664964	3	1	0	31.0734
0.665429	3	1	0	31.0734
0.665964	3	1	0	31.0734
0.666464	3	1	0	31.0734
0.666964	3	1	0	31.0734
0.667464	3	1	0	31.0734
0.667964	3	1	0	31.0734
0.668464	3	1	0	31.0734
0.668964	3	1	0	31.0734
0.669464	3	1	0	31.0734
0.669964	3	1	0	31.0734
0.670464	3	1	0	31.0734
0.670929	3	1	0	31.0734
0.671464	3	1	0	31.0734
0.671964	3	1	0	31.0734
0.672464	3	1	0	31.0734
0.672964	3	1	0	31.0734
0.673464	3	1	0	31.0734
0.673929	3	1	0	31.0734
0.674429	3	1	0	31.0734
0.674964	3	1	0	31.0734
0.675464	3	1	0	31.0734
0.675964	3	1	0	31.0734
0.676464	3	1	0	31.0734
0.676964	3	1	0	31.0734
0.677464	3	1	0	31.0734
0.677964	3	1	0	31.0734
0.678429	3	1	0	31.0734
0.678964	3	1	0	31.0734
0.679429	3	1	0	31.0734
0.679964	3	1	0	31.0734
0.680464	3	1	0	31.0734
0.680964	3	1	0	31.0734
0.681464	3	1	0	31.0734
0.681929	3	1	0	31.0734
0.682464	3	1	0	31.0734
0.682964	3	1	0	31.0734
0.683464	3	1	0	31.0734
0.683964	3	1	0	31.0734
0.684464	3	1	0	31.0734
0.684964	3	1	0	31.0734
0.685464	3	1	0	31.0734
0.685964	3	1	0	31.0734
0.686464	3	1	0	31.0734
0.686929	3	1	0	31.0734
0.687464	3	1	0	31.0734
0.687964	3	1	0	31.0734
0.688464	3	1	0	31.0734
0.688964	3	1	0	31.0734
0.689464	3	1	0	31.0734
0.689964	3	1	0	31.0734
0.690464	3	1	0	31.0734
0.690964	3	1	0	31.0734
0.691464	3	1	0	31.0734
0.691964	3	1	0	31.0734
0.692464	3	1	0	31.0734
0.692964	3	1	0	31.0734
0.693464	3	1	0	31.0734
0.693964	3	1	0	31.0734
0.694464	3	1	0	31.0734
0.694964	3	1	0	31.0734
0.695464	3	1	0	31.0734
0.695929	3	1	0	31.0734
0.696464	3	1	0	31.0734
0.696964	3	1	0	31.0734
0.697464	3	1	0	31.0734
0.697964	3	1	0	31.0734
0.698464	3	1	0	31.0734
0.698964	3	1	0	31.0734
0.699464	3	1	0	31.0734
0.699929	3	1	0	31.0734
0.700464	3	1	0	31.0734
0.700964	3	1	0	31.0734
0.701464	3	1	0	31.0734
0.701964	3	1	0	31.0734
0.702464	3	1	0	31.0734
0.702964	3	1	0	31.0734
0.703464	3	1	0	31.0734
0.703964	3	1	0	31.0734
0.704464	3	1	0	31.0734
0.704964	3	1	0	31.0734
0.705321	3	1	0	31.0734
0.767964	3	2	0	38.853
0.768464	3	2	0	38.853
0.768964	3	2	0	38.853
0.769464	3	2	0	38.853
0.769964	3	2	0	38.853
0.770464	3	2	0	38.853
0.770964	3	2	0	38.853
0.771464	3	2	0	38.853
0.771964	3	2	0	38.853
0.772464	3	2	0	38.853
0.772964	3	2	0	38.853
0.773464	3	2	0	38.853
0.773964	3	2	0	38.853
0.774464	3	2	0	38.853
0.774964	3	2	0	38.853
0.775464	3	2	0	38.853
0.775929	3	2	0	38.853
0.776464	3	2	0	38.853
0.77675	3	2	0	38.853
0.776964	3	3	0	32.0609
0.77725	3	2	0	38.853
0.777464	3	3	0	32.0609
0.77775	3	2	0	38.853
0.777964	3	3	0	32.0609
0.77825	3	2	0	38.853
0.778464	3	3	0	32.0609
0.77875	3	2	0	38.853
0.778964	3	3	0	32.0609
0.77925	3	2	0	38.853
0.779464	3	3	0	32.0609
0.779714	3	2	0	38.853
0.779929	3	3	0	32.0609
0.78025	3	2	0	38.853
0.780464	3	3	0	32.0609
0.78075	3	2	0	38.853
0.780964	3	3	0	32.0609
0.78125	3	2	0	38.853
0.781464	3	3	0	32.0609
0.78175	3	2	0	38.853
0.781964	3	3	0	32.0609
0.78225	3	2	0	38.853
0.782464	3	3	0	32.0609
0.78275	3	2	0	38.853
0.782964	3	3	0	32.0609
0.78325	3	2	0	38.853
0.783464	3	3	0	32.0609
0.78375	3	2	0	38.853
0.783964	3	3	0	32.0609
0.78425	3	2	0	38.853
0.784464	3	3	0	32.0609
0.78475	3	2	0	38.853
0.784964	3	3	0	32.0609
0.78525	3	2	0	38.853
0.785429	3	3	0	32.0609
0.78575	3	2	0	38.853
0.785964	3	3	0	32.0609
0.78625	3	2	0	38.853
0.786464	3	3	0	32.0609
0.78675	3	2	0	38.853
0.786964	3	3	0	32.0609
0.78725	3	2	0	38.853
0.787464	3	3	0	32.0609
0.78775	3	2	0	38.853
0.787964	3	3	0	32.0609
0.78825	3	2	0	38.853
0.788464	3	3	0	32.0609
0.78875	3	2	0	38.853
0.788964	3	3	0	32.0609
0.78925	3	2	0	38.853
0.789464	3	3	0	32.0609
0.78975	3	2	0	38.853
0.789964	3	3	0	32.0609
0.79025	3	2	0	38.853
0.790464	3	3	0	32.0609
0.790714	3	2	0	38.853
0.790929	3	3	0	32.0609
0.79125	3	2	0	38.853
0.791464	3	3	0	32.0609
0.79175	3	2	0	38.853
0.791964	3	3	0	32.0609
0.79225	3	2	0	38.853
0.792464	3	3	0	32.0609
0.79275	3	2	0	38.853
0.792964	3	3	0	32.0609
0.79325	3	2	0	38.853
0.793464	3	3	0	32.0609
0.79375	3	2	0	38.853
0.793929	3	3	0	32.0609
0.794214	3	2	0	38.853
0.794429	3	3	0	32.0609
0.79475	3	2	0	38.853
0.794964	3	3	0	32.0609
0.79525	3	2	0	38.853
0.795464	3	3	0	32.0609
0.79575	3	2	0	38.853
0.795964	3	3	0	32.0609
0.79625	3	2	0	38.853
0.796464	3	3	0	32.0609
0.79675	3	2	0	38.853
0.796964	3	3	0	32.0609
0.79725	3	2	0	38.853
0.797464	3	3	0	32.0609
0.79775	3	2	0	38.853
0.797964	3	3	0	32.0609
0.79825	3	2	0	38.853
0.798429	3	3	0	32.0609
0.79875	3	2	0	38.853
0.798964	3	3	0	32.0609
0.799214	3	2	0	38.853
0.799429	3	3	0	32.0609
0.79975	3	2	0	38.853
0.799964	3	3	0	32.0609
0.80025	3	2	0	38.853
0.800464	3	3	0	32.0609
0.80075	3	2	0	38.853
0.800964	3	3	0	32.0609
0.80125	3	2	0	38.853
0.801464	3	3	0	32.0609
0.80175	3	2	0	38.853
0.801929	3	3	0	32.0609
0.80225	3	2	0	38.853
0.802464	3	3	0	32.0609
0.80275	3	2	0	38.853
0.802964	3	3	0	32.0609
0.80325	3	2	0	38.853
0.803464	3	3	0	32.0609
0.80375	3	2	0	38.853
0.803964	3	3	0	32.0609
0.80425	3	2	0	38.853
0.804464	3	3	0	32.0609
0.80475	3	2	0	38.853
0.804964	3	3	0	32.0609
0.80525	3	2	0	38.853
0.805464	3	3	0	32.0609
0.80575	3	2	0	38.853
0.805964	3	3	0	32.0609
0.80625	3	2	0	38.853
0.806464	3	3	0	32.0609
0.806714	3	2	0	38.853
0.806929	3	3	0	32.0609
0.80725	3	2	0	38.853
0.807464	3	3	0	32.0609
0.80775	3	2	0	38.853
0.807964	3	3	0	32.0609
0.80825	3	2	0	38.853
0.808464	3	3	0	32.0609
0.80875	3	2	0	38.853
0.808964	3	3	0	32.0609
0.80925	3	2	0	38.853
0.809464	3	3	0	32.0609
0.80975	3	2	0	38.853
0.809964	3	3	0	32.0609
0.81025	3	2	0	38.853
0.810464	3	3	0	32.0609
0.81075	3	2	0	38.853
0.810964	3	3	0	32.0609
0.81125	3	2	0	38.853
0.811464	3	3	0	32.0609
0.81175	3	2	0	38.853
0.811964	3	3	0	32.0609
0.81225	3	2	0	38.853
0.812464	3	3	0	32.0609
0.81275	3	2	0	38.853
0.812964	3	3	0	32.0609
0.81325	3	2	0	38.853
0.813464	3	3	0	32.0609
0.81375	3	2	0	38.853
0.813964	3	3	0	32.0609
0.81425	3	2	0	38.853
0.814464	3	3	0	32.0609
0.81475	3	2	0	38.853
0.814964	3	3	0	32.0609
0.81525	3	2	0	38.853
0.815464	3	3	0	32.0609
0.81575	3	2	0	38.853
0.815929	3	3	0	32.0609
0.81625	3	2	0	38.853
0.816464	3	3	0	32.0609
0.81675	3	2	0	38.853
0.816964	3	3	0	32.0609
0.81725	3	2	0	38.853
0.817464	3	3	0	32.0609
0.81775	3	2	0	38.853
0.817964	3	3	0	32.0609
0.81825	3	2	0	38.853
0.818464	3	3	0	32.0609
0.81875	3	2	0	38.853
0.818964	3	3	0	32.0609
0.81925	3	2	0	38.853
0.819464	3	3	0	32.0609
0.819714	3	2	0	38.853
0.819929	3	3	0	32.0609
0.82025	3	2	0	38.853
0.820464	3	3	0	32.0609
0.82075	3	2	0	38.853
0.820964	3	3	0	32.0609
0.82125	3	2	0	38.853
0.821464	3	3	0	32.0609
0.82175	3	2	0	38.853
0.821964	3	3	0	32.0609
0.82225	3	2	0	38.853
0.822464	3	3	0	32.0609
0.82275	3	2	0	38.853
0.822964	3	3	0	32.0609
0.82325	3	2	0	38.853
0.823464	3	3	0	32.0609
0.82375	3	2	0	38.853
0.823964	3	3	0	32.0609
0.82425	3	2	0	38.853
0.824464	3	3	0	32.0609
0.82475	3	2	0	38.853
0.824964	3	3	0	32.0609
0.82525	3	2	0	38.853
0.825429	3	3	0	32.0609
0.82575	3	2	0	38.853
0.825964	3	3	0	32.0609
0.82625	3	2	0	38.853
0.826464	3	3	0	32.0609
0.82675	3	2	0	38.853
0.826964	3	3	0	32.0609
0.82725	3	2	0	38.853
0.827464	5	4	0	42.3039
0.827464	3	3	0	32.0609
0.82775	3	2	0	38.853
0.827964	5	4	0	42.3039
0.827964	3	3	0	32.0609
0.82825	3	2	0	38.853
0.828464	5	4	0	42.3039
0.828464	3	3	0	32.0609
0.82875	3	2	0	38.853
0.828964	5	4	0	42.3039
0.828964	3	3	0	32.0609
0.82925	3	2	0	38.853
0.829464	5	4	0	42.3039
0.829464	3	3	0	32.0609
0.82975	3	2	0	38.853
0.829929	5	4	0	42.3039
0.829964	3	3	0	32.0609
0.83025	3	2	0	38.853
0.830464	5	4	0	42.3039
0.830464	3	3	0	32.0609
0.830714	3	2	0	38.853
0.830929	3	3	0	32.0609
0.830964	5	4	0	42.3039
0.83125	3	2	0	38.853
0.831429	5	4	0	42.3039
0.831464	3	3	0	32.0609
0.83175	3	2	0	38.853
0.831929	5	4	0	42.3039
0.831964	3	3	0	32.0609
0.83225	3	2	0	38.853
0.832464	5	4	0	42.3039
0.832464	3	3	0	32.0609
0.83275	3	2	0	38.853
0.832964	5	4	0	42.3039
0.832964	3	3	0	32.0609
0.83325	3	2	0	38.853
0.833464	5	4	0	42.3039
0.833464	3	3	0	32.0609
0.83375	3	2	0	38.853
0.833929	3	3	0	32.0609
0.833964	5	4	0	42.3039
0.834214	3	2	0	38.853
0.834429	3	3	0	32.0609
0.834464	5	4	0	42.3039
0.83475	3	2	0	38.853
0.834964	5	4	0	42.3039
0.834964	3	3	0	32.0609
0.83525	3	2	0	38.853
0.835464	5	4	0	42.3039
0.835464	3	3	0	32.0609
0.83575	3	2	0	38.853
0.835964	5	4	0	42.3039
0.835964	3	3	0	32.0609
0.83625	3	2	0	38.853
0.836464	5	4	0	42.3039
0.836464	3	3	0	32.0609
0.83675	3	2	0	38.853
0.836964	5	4	0	42.3039
0.836964	3	3	0	32.0609
0.83725	3	2	0	38.853
0.837464	5	4	0	42.3039
0.837464	3	3	0	32.0609
0.83775	3	2	0	38.853
0.837964	5	4	0	42.3039
0.837964	3	3	0	32.0609
0.83825	3	2	0	38.853
0.838429	3	3	0	32.0609
0.838464	5	4	0	42.3039
0.83875	3	2	0	38.853
0.838964	5	4	0	42.3039
0.838964	3	3	0	32.0609
0.839214	3	2	0	38.853
0.839429	3	3	0	32.0609
0.839464	5	4	0	42.3039
0.83975	3	2	0	38.853
0.839964	5	4	0	42.3039
0.839964	3	3	0	32.0609
0.840143	3	2	0	38.853
0.840464	5	4	0	42.3039
0.840464	3	3	0	32.0609
0.840964	3	3	0	32.0609
0.840964	5	4	0	42.3039
0.841464	3	3	0	32.0609
0.841464	5	4	0	42.3039
0.841929	3	3	0	32.0609
0.841964	5	4	0	42.3039
0.842464	3	3	0	32.0609
0.842464	5	4	0	42.3039
0.842964	3	3	0	32.0609
0.842964	5	4	0	42.3039
0.843464	3	3	0	32.0609
0.843464	5	4	0	42.3039
0.843964	3	3	0	32.0609
0.843964	5	4	0	42.3039
0.844464	3	3	0	32.0609
0.844464	5	4	0	42.3039
0.844964	3	3	0	32.0609
0.844964	5	4	0	42.3039
0.845464	3	3	0	32.0609
0.845464	5	4	0	42.3039
0.845929	5	4	0	42.3039
0.845964	3	3	0	32.0609
0.846464	3	3	0	32.0609
0.846464	5	4	0	42.3039
0.846929	3	3	0	32.0609
0.846929	5	4	0	42.3039
0.847464	3	3	0	32.0609
0.847464	5	4	0	42.3039
0.847964	3	3	0	32.0609
0.847964	5	4	0	42.3039
0.848429	5	4	0	42.3039
0.848464	3	3	0	32.0609
0.848964	3	3	0	32.0609
0.848964	5	4	0	42.3039
0.849464	3	3	0	32.0609
0.849464	5	4	0	42.3039
0.849964	3	3	0	32.0609
0.849964	5	4	0	42.3039
0.850464	3	3	0	32.0609
0.850464	5	4	0	42.3039
0.850964	3	3	0	32.0609
0.850964	5	4	0	42.3039
0.851464	3	3	0	32.0609
0.851464	5	4	0	42.3039
0.851964	3	3	0	32.0609
0.851964	5	4	0	42.3039
0.852464	3	3	0	32.0609
0.852464	5	4	0	42.3039
0.852964	3	3	0	32.0609
0.852964	5	4	0	42.3039
0.853464	3	3	0	32.0609
0.853464	5	4	0	42.3039
0.853964	3	3	0	32.0609
0.853964	5	4	0	42.3039
0.854429	5	4	0	42.3039
0.854464	3	3	0	32.0609
0.854929	5	4	0	42.3039
0.854964	3	3	0	32.0609
0.855464	3	3	0	32.0609
0.855464	5	4	0	42.3039
0.855929	3	3	0	32.0609
0.855964	5	4	0	42.3039
0.856429	5	4	0	42.3039
0.856464	3	3	0	32.0609
0.856964	3	3	0	32.0609
0.856964	5	4	0	42.3039
0.857464	3	3	0	32.0609
0.857464	5	4	0	42.3039
0.857679	3	3	0	32.0609
0.857964	5	4	0	42.3039
0.858464	5	4	0	42.3039
0.858964	5	4	0	42.3039
0.859464	5	4	0	42.3039
0.859964	5	4	0	42.3039
0.860464	5	4	0	42.3039
0.860964	5	4	0	42.3039
0.861464	5	4	0	42.3039
0.861964	5	4	0	42.3039
0.862464	5	4	0	42.3039
0.862964	5	4	0	42.3039
0.863464	5	4	0	42.3039
0.863964	5	4	0	42.3039
0.864464	5	4	0	42.3039
0.864929	5	4	0	42.3039
0.865464	5	4	0	42.3039
0.865964	5	4	0	42.3039
0.866464	5	4	0	42.3039
0.866964	5	4	0	42.3039
0.867464	5	4	0	42.3039
0.867821	5	4	0	42.3039
0.905464	5	5	0	34.2419
0.905964	5	5	0	34.2419
0.906464	5	5	0	34.2419
0.906964	5	5	0	34.2419
0.907464	5	5	0	34.2419
0.907964	5	5	0	34.2419
0.908464	5	5	0	34.2419
0.908964	5	5	0	34.2419
0.909464	5	5	0	34.2419
0.909929	5	5	0	34.2419
0.910464	5	5	0	34.2419
0.910964	5	5	0	34.2419
0.911429	5	5	0	34.2419
0.911929	5	5	0	34.2419
0.912464	5	5	0	34.2419
0.912964	5	5	0	34.2419
0.913464	5	5	0	34.2419
0.913964	5	5	0	34.2419
0.914464	5	5	0	34.2419
0.914964	5	5	0	34.2419
0.915464	5	5	0	34.2419
0.915964	5	5	0	34.2419
0.916464	5	5	0	34.2419
0.916964	5	5	0	34.2419
0.917464	5	5	0	34.2419
0.917964	5	5	0	34.2419
0.918464	5	5	0	34.2419
0.918964	5	5	0	34.2419
0.919464	5	5	0	34.2419
0.919964	5	5	0	34.2419
0.920464	5	5	0	34.2419
0.920964	5	5	0	34.2419
0.921464	5	5	0	34.2419
0.921964	5	5	0	34.2419
0.922464	5	5	0	34.2419
0.922964	5	5	0	34.2419
0.923464	5	5	0	34.2419
0.923964	5	5	0	34.2419
0.924464	5	5	0	34.2419
0.924964	5	5	0	34.2419
0.925464	5	5	0	34.2419
0.925929	5	5	0	34.2419
0.926464	5	5	0	34.2419
0.926929	5	5	0	34.2419
0.927464	5	5	0	34.2419
0.927964	5	5	0	34.2419
0.928429	5	5	0	34.2419
0.928964	5	5	0	34.2419
0.929464	5	5	0	34.2419
0.929964	5	5	0	34.2419
0.930464	5	5	0	34.2419
0.930964	1	2	0	29.3224
0.930964	5	5	0	34.2419
0.931464	1	2	0	29.3224
0.931464	5	5	0	34.2419
0.931964	1	2	0	29.3224
0.931964	5	5	0	34.2419
0.932464	1	2	0	29.3224
0.932464	5	5	0	34.2419
0.932964	1	2	0	29.3224
0.932964	5	5	0	34.2419
0.933429	1	2	0	29.3224
0.933464	5	5	0	34.2419
0.933929	1	2	0	29.3224
0.933964	5	5	0	34.2419
0.934429	5	5	0	34.2419
0.934464	1	2	0	29.3224
0.934929	5	5	0	34.2419
0.934964	1	2	0	29.3224
0.935464	1	2	0	29.3224
0.935464	5	5	0	34.2419
0.935929	1	2	0	29.3224
0.935964	5	5	0	34.2419
0.936429	5	5	0	34.2419
0.936464	1	2	0	29.3224
0.936964	1	2	0	29.3224
0.936964	5	5	0	34.2419
0.937464	1	2	0	29.3224
0.937464	5	5	0	34.2419
0.937964	1	2	0	29.3224
0.937964	5	5	0	34.2419
0.938464	1	2	0	29.3224
0.938464	5	5	0	34.2419
0.938964	1	2	0	29.3224
0.938964	5	5	0	34.2419
0.939464	1	2	0	29.3224
0.939464	5	5	0	34.2419
0.939964	1	2	0	29.3224
0.939964	5	5	0	34.2419
0.940464	1	2	0	29.3224
0.940464	5	5	0	34.2419
0.940964	1	2	0	29.3224
0.940964	5	5	0	34.2419
0.941464	1	2	0	29.3224
0.941464	5	5	0	34.2419
0.941964	1	2	0	29.3224
0.941964	5	5	0	34.2419
0.942464	1	2	0	29.3224
0.942464	5	5	0	34.2419
0.942964	1	2	0	29.3224
0.942964	5	5	0	34.2419
0.943429	1	2	0	29.3224
0.943464	5	5	0	34.2419
0.943964	1	2	0	29.3224
0.943964	5	5	0	34.2419
0.944464	1	2	0	29.3224
0.944464	5	5	0	34.2419
0.944929	5	5	0	34.2419
0.944964	1	2	0	29.3224
0.945464	1	2	0	29.3224
0.945464	5	5	0	34.2419
0.945821	5	5	0	34.2419
0.945964	1	2	0	29.3224
0.946464	1	2	0	29.3224
0.946964	1	2	0	29.3224
0.947429	1	2	0	29.3224
0.947964	1	2	0	29.3224
0.948464	1	2	0	29.3224
0.948964	1	2	0	29.3224
0.949464	1	2	0	29.3224
0.949964	1	2	0	29.3224
0.950464	1	2	0	29.3224
0.950964	1	2	0	29.3224
0.951464	1	2	0	29.3224
0.951964	1	2	0	29.3224
0.952464	1	2	0	29.3224
0.952964	1	2	0	29.3224
0.953464	1	2	0	29.3224
0.953964	1	2	0	29.3224
0.954464	1	2	0	29.3224
0.954964	1	2	0	29.3224
0.955464	1	2	0	29.3224
0.955964	1	2	0	29.3224
0.956464	1	2	0	29.3224
0.956964	1	2	0	29.3224
0.957429	1	2	0	29.3224
0.957929	1	2	0	29.3224
0.958464	1	2	0	29.3224
0.958964	1	2	0	29.3224
0.959464	1	2	0	29.3224
0.959964	1	2	0	29.3224
0.960464	1	2	0	29.3224
0.960964	1	2	0	29.3224
0.961464	1	2	0	29.3224
0.961964	1	2	0	29.3224
0.962464	1	2	0	29.3224
0.962929	1	2	0	29.3224
0.963464	1	2	0	29.3224
0.963964	1	2	0	29.3224
0.964464	1	2	0	29.3224
0.964964	1	2	0	29.3224
0.965464	1	2	0	29.3224
0.965964	1	2	0	29.3224
0.966429	1	2	0	29.3224
0.966964	1	2	0	29.3224
0.967464	1	2	0	29.3224
0.967964	1	2	0	29.3224
0.968464	1	2	0	29.3224
0.968964	1	2	0	29.3224
0.969464	1	2	0	29.3224
0.969929	1	2	0	29.3224
0.970464	1	2	0	29.3224
0.970964	1	2	0	29.3224
0.971464	1	2	0	29.3224
0.971964	1	2	0	29.3224
0.972464	1	2	0	29.3224
0.972964	1	2	0	29.3224
0.973429	1	2	0	29.3224
0.973929	1	2	0	29.3224
0.974464	1	2	0	29.3224
0.974964	1	2	0	29.3224
0.975464	1	2	0	29.3224
0.975929	1	2	0	29.3224
0.976464	1	2	0	29.3224
0.976964	1	2	0	29.3224
0.977464	1	2	0	29.3224
0.977964	1	2	0	29.3224
0.978464	1	2	0	29.3224
0.978964	1	2	0	29.3224
0.979464	1	2	0	29.3224
0.979964	1	2	0	29.3224
0.980464	1	2	0	29.3224
0.980964	1	2	0	29.3224
0.981464	1	2	0	29.3224
0.981964	1	2	0	29.3224
0.982464	1	2	0	29.3224
0.982964	1	2	0	29.3224
0.983429	1	2	0	29.3224
0.983964	1	2	0	29.3224
0.984464	1	2	0	29.3224
0.984964	1	2	0	29.3224
0.985464	1	2	0	29.3224
0.985964	1	2	0	29.3224
0.986464	1	2	0	29.3224
0.986964	1	2	0	29.3224
0.987429	1	2	0	29.3224
0.987964	1	2	0	29.3224
0.988464	1	2	0	29.3224
0.988964	1	2	0	29.3224
0.989464	1	2	0	29.3224
0.989964	1	2	0	29.3224
0.990464	1	2	0	29.3224
0.990964	1	2	0	29.3224
0.991464	1	2	0	29.3224
0.991929	1	2	0	29.3224
1.01546	5	11	0	44.1872
1.01596	5	11	0	44.1872
1.01643	5	11	0	44.1872
1.01696	5	11	0	44.1872
1.01746	5	11	0	44.1872
1.01796	5	11	0	44.1872
1.01846	5	11	0	44.1872
1.01896	5	11	0	44.1872
1.01946	5	11	0	44.1872
1.01996	5	11	0	44.1872
1.02046	5	11	0	44.1872
1.02096	5	11	0	44.1872
1.02146	5	11	0	44.1872
1.02196	5	11	0	44.1872
1.02246	5	11	0	44.1872
1.02296	5	11	0	44.1872
1.02346	5	11	0	44.1872
1.02396	5	11	0	44.1872
1.02446	5	11	0	44.1872
1.02493	5	11	0	44.1872
1.02546	5	11	0	44.1872
1.02596	5	11	0	44.1872
1.02646	5	11	0	44.1872
1.02696	5	11	0	44.1872
1.02746	5	11	0	44.1872
1.02796	5	11	0	44.1872
1.02846	5	11	0	44.1872
1.02896	5	11	0	44.1872
1.02946	5	11	0	44.1872
1.02993	5	11	0	44.1872
1.03046	5	11	0	44.1872
1.03096	5	11	0	44.1872
1.03143	5	11	0	44.1872
1.03193	5	11	0	44.1872
1.03246	5	11	0	44.1872
1.03296	5	11	0	44.1872
1.03346	5	11	0	44.1872
1.03396	5	11	0	44.1872
1.03446	5	11	0	44.1872
1.03496	5	11	0	44.1872
1.03546	5	11	0	44.1872
1.03596	5	11	0	44.1872
1.03646	5	11	0	44.1872
1.03696	5	11	0	44.1872
1.03746	5	11	0	44.1872
1.03796	5	11	0	44.1872
1.03846	5	11	0	44.1872
1.03896	5	11	0	44.1872
1.03946	5	11	0	44.1872
1.03996	5	11	0	44.1872
1.04046	5	11	0	44.1872
1.04096	5	11	0	44.1872
1.04146	5	11	0	44.1872
1.04196	5	11	0	44.1872
1.04246	5	11	0	44.1872
1.04296	5	11	0	44.1872
1.04346	5	11	0	44.1872
1.04396	5	11	0	44.1872
1.04446	5	11	0	44.1872
1.04496	5	11	0	44.1872
1.04546	5	11	0	44.1872
1.04593	5	11	0	44.1872
1.04646	5	11	0	44.1872
1.04693	5	11	0	44.1872
1.04746	5	11	0	44.1872
1.04796	5	11	0	44.1872
1.04843	5	11	0	44.1872
1.04896	5	11	0	44.1872
1.04946	5	11	0	44.1872
1.04996	5	11	0	44.1872
1.05046	5	11	0	44.1872
1.05096	5	11	0	44.1872
1.05146	5	11	0	44.1872
1.05196	5	11	0	44.1872
1.05246	5	11	0	44.1872
1.05296	5	11	0	44.1872
1.05346	5	11	0	44.1872
1.05396	5	11	0	44.1872
1.05443	5	11	0	44.1872
1.05493	5	11	0	44.1872
1.05546	5	11	0	44.1872
1.05582	5	11	0	44.1872
1.09096	1	3	0	21.7824
1.09146	1	3	0	21.7824
1.09196	1	3	0	21.7824
1.09246	1	3	0	21.7824
1.09296	1	3	0	21.7824
1.09343	1	3	0	21.7824
1.09393	1	3	0	21.7824
1.09446	1	3	0	21.7824
1.09496	1	3	0	21.7824
1.09546	1	3	0	21.7824
1.09593	1	3	0	21.7824
1.09646	1	3	0	21.7824
1.09696	1	3	0	21.7824
1.09746	1	3	0	21.7824
1.09796	1	3	0	21.7824
1.09846	1	3	0	21.7824
1.09896	1	3	0	21.7824
1.09946	1	3	0	21.7824
1.09996	1	3	0	21.7824
1.10046	1	3	0	21.7824
1.10096	1	3	0	21.7824
1.10146	1	3	0	21.7824
1.10196	1	3	0	21.7824
1.10246	1	3	0	21.7824
1.10296	1	3	0	21.7824
1.10343	1	3	0	21.7824
1.10396	1	3	0	21.7824
1.10446	1	3	0	21.7824
1.10496	1	3	0	21.7824
1.10546	1	3	0	21.7824
1.10596	1	3	0	21.7824
1.10646	1	3	0	21.7824
1.10696	1	3	0	21.7824
1.10743	1	3	0	21.7824
1.10796	1	3	0	21.7824
1.10846	1	3	0	21.7824
1.10896	1	3	0	21.7824
1.10946	1	3	0	21.7824
1.10996	1	3	0	21.7824
1.11046	1	3	0	21.7824
1.11096	1	3	0	21.7824
1.11146	1	3	0	21.7824
1.11196	1	3	0	21.7824
1.11246	1	3	0	21.7824
1.11296	1	3	0	21.7824
1.11346	1	3	0	21.7824
1.11396	1	3	0	21.7824
1.11446	1	3	0	21.7824
1.11496	1	3	0	21.7824
1.11546	1	3	0	21.7824
1.11596	1	3	0	21.7824
1.11646	1	3	0	21.7824
1.11696	1	3	0	21.7824
1.11743	1	3	0	21.7824
1.11793	1	3	0	21.7824
1.11846	1	3	0	21.7824
1.11896	1	3	0	21.7824
1.11946	1	3	0	21.7824
1.11996	1	3	0	21.7824
1.12046	1	3	0	21.7824
1.12096	1	3	0	21.7824
1.12146	1	3	0	21.7824
1.12196	1	3	0	21.7824
1.12246	1	3	0	21.7824
1.12293	1	3	0	21.7824
1.12346	1	3	0	21.7824
1.12396	1	3	0	21.7824
1.12446	1	3	0	21.7824
1.12496	1	3	0	21.7824
1.12546	1	3	0	21.7824
1.12596	1	3	0	21.7824
1.12643	1	3	0	21.7824
1.12696	1	3	0	21.7824
1.12746	1	3	0	21.7824
1.12796	1	3	0	21.7824
1.12846	1	3	0	21.7824
1.12896	1	3	0	21.7824
1.12946	1	3	0	21.7824
1.12993	1	3	0	21.7824
1.13046	1	3	0	21.7824
1.13096	1	3	0	21.7824
1.13146	1	3	0	21.7824
1.13196	1	3	0	21.7824
1.13246	1	3	0	21.7824
1.13296	1	3	0	21.7824
1.13343	1	3	0	21.7824
1.13393	1	3	0	21.7824
1.13446	1	3	0	21.7824
1.13496	1	3	0	21.7824
1.13546	1	3	0	21.7824
1.13593	1	3	0	21.7824
1.13646	1	3	0	21.7824
1.13696	1	3	0	21.7824
1.13746	1	3	0	21.7824
1.13796	1	3	0	21.7824
1.13846	1	3	0	21.7824
1.13896	1	3	0	21.7824
1.13946	1	3	0	21.7824
1.13996	1	3	0	21.7824
1.14046	1	3	0	21.7824
1.14096	1	3	0	21.7824
1.14146	1	3	0	21.7824
1.14196	1	3	0	21.7824
1.14246	1	3	0	21.7824
1.14296	1	3	0	21.7824
1.14343	1	3	0	21.7824
1.14396	1	3	0	21.7824
1.14446	1	3	0	21.7824
1.14496	1	3	0	21.7824
1.14546	1	3	0	21.7824
1.14596	1	3	0	21.7824
1.14646	1	3	0	21.7824
1.14696	1	3	0	21.7824
1.14743	1	3	0	21.7824
1.14796	1	3	0	21.7824
1.14846	1	3	0	21.7824
1.14896	1	3	0	21.7824
1.14946	1	3	0	21.7824
1.14996	1	3	0	21.7824
1.15046	1	3	0	21.7824
1.15096	1	3	0	21.7824
1.15146	1	3	0	21.7824
1.15196	1	3	0	21.7824
1.15246	1	3	0	21.7824
1.15296	1	3	0	21.7824
1.15346	1	3	0	21.7824
1.15396	1	3	0	21.7824
1.15446	1	3	0	21.7824
1.15496	1	3	0	21.7824
1.15546	1	3	0	21.7824
1.15596	1	3	0	21.7824
1.15646	1	3	0	21.7824
1.15696	1	3	0	21.7824
1.15743	1	3	0	21.7824
1.15793	1	3	0	21.7824
1.15846	1	3	0	21.7824
1.15896	1	3	0	21.7824
1.15946	1	3	0	21.7824
1.15996	1	3	0	21.7824
1.16046	1	3	0	21.7824
1.16096	1	3	0	21.7824
1.16146	1	3	0	21.7824
1.16196	1	3	0	21.7824
1.16246	1	3	0	21.7824
1.16293	1	3	0	21.7824
1.16346	1	3	0	21.7824
1.16396	1	3	0	21.7824
1.16446	1	3	0	21.7824
1.16496	1	3	0	21.7824
1.16546	1	3	0	21.7824
1.16596	1	3	0	21.7824
1.16643	1	3	0	21.7824
1.16696	1	3	0	21.7824
1.16746	1	3	0	21.7824
1.16796	1	3	0	21.7824
1.16843	1	3	0	21.7824
1.16946	5	12	0	32.9886
1.16996	5	12	0	32.9886
1.17046	5	12	0	32.9886
1.17096	5	12	0	32.9886
1.17146	5	12	0	32.9886
1.17196	5	12	0	32.9886
1.17246	5	12	0	32.9886
1.17296	5	12	0	32.9886
1.17346	5	12	0	32.9886
1.17396	5	12	0	32.9886
1.17443	5	12	0	32.9886
1.17493	5	12	0	32.9886
1.17546	5	12	0	32.9886
1.17596	5	12	0	32.9886
1.17643	5	12	0	32.9886
1.17696	5	12	0	32.9886
1.17746	5	12	0	32.9886
1.17796	5	12	0	32.9886
1.17846	5	12	0	32.9886
1.17896	5	12	0	32.9886
1.17946	5	12	0	32.9886
1.17996	5	12	0	32.9886
1.18046	5	12	0	32.9886
1.18096	5	12	0	32.9886
1.18146	5	12	0	32.9886
1.18196	5	12	0	32.9886
1.18246	5	12	0	32.9886
1.18296	5	12	0	32.9886
1.18346	5	12	0	32.9886
1.18396	5	12	0	32.9886
1.18446	5	12	0	32.9886
1.18493	5	12	0	32.9886
1.18546	5	12	0	32.9886
1.18596	5	12	0	32.9886
1.18646	5	12	0	32.9886
1.18696	5	12	0	32.9886
1.18746	5	12	0	32.9886
1.18796	5	12	0	32.9886
1.18846	5	12	0	32.9886
1.18896	5	12	0	32.9886
1.18946	5	12	0	32.9886
1.18993	5	12	0	32.9886
1.19046	5	12	0	32.9886
1.19096	5	12	0	32.9886
1.19143	5	12	0	32.9886
1.19193	5	12	0	32.9886
1.19246	5	12	0	32.9886
1.19296	5	12	0	32.9886
1.19346	5	12	0	32.9886
1.19396	5	12	0	32.9886
1.19446	5	12	0	32.9886
1.19496	5	12	0	32.9886
1.19546	5	12	0	32.9886
1.19596	5	12	0	32.9886
1.19646	5	12	0	32.9886
1.19696	5	12	0	32.9886
1.19746	5	12	0	32.9886
1.19796	5	12	0	32.9886
1.19846	5	12	0	32.9886
1.19896	5	12	0	32.9886
1.19946	5	12	0	32.9886
1.19996	5	12	0	32.9886
1.20046	5	12	0	32.9886
1.20096	5	12	0	32.9886
1.20146	5	12	0	32.9886
1.20196	5	12	0	32.9886
1.20246	5	12	0	32.9886
1.20296	5	12	0	32.9886
1.20346	5	12	0	32.9886
1.20396	5	12	0	32.9886
1.20446	5	12	0	32.9886
1.20496	5	12	0	32.9886
1.20546	5	12	0	32.9886
1.20593	5	12	0	32.9886
1.20646	5	12	0	32.9886
1.20693	5	12	0	32.9886
1.20746	5	12	0	32.9886
1.20796	5	12	0	32.9886
1.20843	5	12	0	32.9886
1.20896	5	12	0	32.9886
1.20946	5	12	0	32.9886
1.20982	5	12	0	32.9886
1.22046	5	13	0	62.0162
1.22096	5	13	0	62.0162
1.22146	5	13	0	62.0162
1.22196	5	13	0	62.0162
1.22246	5	13	0	62.0162
1.22296	5	13	0	62.0162
1.22346	5	13	0	62.0162
1.22396	5	13	0	62.0162
1.22446	5	13	0	62.0162
1.22493	5	13	0	62.0162
1.22546	5	13	0	62.0162
1.22596	5	13	0	62.0162
1.22646	5	13	0	62.0162
1.22696	5	13	0	62.0162
1.22746	5	13	0	62.0162
1.22796	5	13	0	62.0162
1.22846	5	13	0	62.0162
1.22896	5	13	0	62.0162
1.22946	5	13	0	62.0162
1.22993	5	13	0	62.0162
1.23046	5	13	0	62.0162
1.23096	5	13	0	62.0162
1.23143	5	13	0	62.0162
1.23193	5	13	0	62.0162
1.23246	5	13	0	62.0162
1.23296	5	13	0	62.0162
1.23346	5	13	0	62.0162
1.23396	5	13	0	62.0162
1.23446	5	13	0	62.0162
1.23496	5	13	0	62.0162
1.23546	5	13	0	62.0162
1.23596	5	13	0	62.0162
1.23646	5	13	0	62.0162
1.23696	5	13	0	62.0162
1.23746	5	13	0	62.0162
1.23796	5	13	0	62.0162
1.23846	5	13	0	62.0162
1.23896	5	13	0	62.0162
1.23946	5	13	0	62.0162
1.23996	5	13	0	62.0162
1.24046	5	13	0	62.0162
1.24096	5	13	0	62.0162
1.24146	5	13	0	62.0162
1.24196	5	13	0	62.0162
1.24246	5	13	0	62.0162
1.24296	5	13	0	62.0162
1.24346	5	13	0	62.0162
1.24396	5	13	0	62.0162
1.24446	5	13	0	62.0162
1.24496	5	13	0	62.0162
1.24546	5	13	0	62.0162
1.24593	5	13	0	62.0162
1.24596	1	4	0	31.6908
1.24643	1	4	0	31.6908
1.24646	5	13	0	62.0162
1.24693	5	13	0	62.0162
1.24696	1	4	0	31.6908
1.24746	1	4	0	31.6908
1.24746	5	13	0	62.0162
1.24796	1	4	0	31.6908
1.24796	5	13	0	62.0162
1.24843	5	13	0	62.0162
1.24846	1	4	0	31.6908
1.24896	1	4	0	31.6908
1.24896	5	13	0	62.0162
1.24946	1	4	0	31.6908
1.24946	5	13	0	62.0162
1.24993	1	4	0	31.6908
1.24996	5	13	0	62.0162
1.25046	1	4	0	31.6908
1.25046	5	13	0	62.0162
1.25096	1	4	0	31.6908
1.25096	5	13	0	62.0162
1.25146	1	4	0	31.6908
1.25146	5	13	0	62.0162
1.25196	1	4	0	31.6908
1.25196	5	13	0	62.0162
1.25246	1	4	0	31.6908
1.25246	5	13	0	62.0162
1.25296	1	4	0	31.6908
1.25296	5	13	0	62.0162
1.25343	1	4	0	31.6908
1.25346	5	13	0	62.0162
1.25393	1	4	0	31.6908
1.25396	5	13	0	62.0162
1.25443	5	13	0	62.0162
1.25446	1	4	0	31.6908
1.25493	5	13	0	62.0162
1.25496	1	4	0	31.6908
1.25546	1	4	0	31.6908
1.25546	5	13	0	62.0162
1.25593	1	4	0	31.6908
1.25596	5	13	0	62.0162
1.25643	5	13	0	62.0162
1.25646	1	4	0	31.6908
1.25696	1	4	0	31.6908
1.25696	5	13	0	62.0162
1.25746	1	4	0	31.6908
1.25746	5	13	0	62.0162
1.25796	1	4	0	31.6908
1.25796	5	13	0	62.0162
1.25846	1	4	0	31.6908
1.25846	5	13	0	62.0162
1.25896	1	4	0	31.6908
1.25896	5	13	0	62.0162
1.25946	1	4	0	31.6908
1.25946	5	13	0	62.0162
1.25996	1	4	0	31.6908
1.25996	5	13	0	62.0162
1.26046	1	4	0	31.6908
1.26046	5	13	0	62.0162
1.26082	5	13	0	62.0162
1.26096	1	4	0	31.6908
1.26146	1	4	0	31.6908
1.26196	1	4	0	31.6908
1.26246	1	4	0	31.6908
1.26296	1	4	0	31.6908
1.26343	1	4	0	31.6908
1.26396	1	4	0	31.6908
1.26446	1	4	0	31.6908
1.26496	1	4	0	31.6908
1.26546	1	4	0	31.6908
1.26596	1	4	0	31.6908
1.26646	1	4	0	31.6908
1.26696	1	4	0	31.6908
1.26743	1	4	0	31.6908
1.26796	1	4	0	31.6908
1.26846	1	4	0	31.6908
1.26896	1	4	0	31.6908
1.26946	1	4	0	31.6908
1.26996	1	4	0	31.6908
1.27046	1	4	0	31.6908
1.27096	1	4	0	31.6908
1.27146	1	4	0	31.6908
1.27196	1	4	0	31.6908
1.27246	1	4	0	31.6908
1.27296	1	4	0	31.6908
1.27346	1	4	0	31.6908
1.27396	1	4	0	31.6908
1.27446	1	4	0	31.6908
1.27496	1	4	0	31.6908
1.27546	1	4	0	31.6908
1.27596	1	4	0	31.6908
1.27646	1	4	0	31.6908
1.27696	1	4	0	31.6908
1.27743	1	4	0	31.6908
1.27793	1	4	0	31.6908
1.27846	1	4	0	31.6908
1.27896	1	4	0	31.6908
1.27946	1	4	0	31.6908
1.27996	1	4	0	31.6908
1.28046	1	4	0	31.6908
1.28096	1	4	0	31.6908
1.28146	1	4	0	31.6908
1.28196	1	4	0	31.6908
1.28246	1	4	0	31.6908
1.28293	1	4	0	31.6908
1.28346	1	4	0	31.6908
1.28396	1	4	0	31.6908
1.28446	1	4	0	31.6908
1.28496	1	4	0	31.6908
1.28546	1	4	0	31.6908
1.28596	1	4	0	31.6908
1.28632	1	4	0	31.6908
1.37896	1	5	0	34.5371
1.37946	1	5	0	34.5371
1.37996	1	5	0	34.5371
1.38046	1	5	0	34.5371
1.38096	1	5	0	34.5371
1.38146	1	5	0	34.5371
1.38196	1	5	0	34.5371
1.38246	1	5	0	34.5371
1.38296	1	5	0	34.5371
1.38343	1	5	0	34.5371
1.38396	1	5	0	34.5371
1.38446	1	5	0	34.5371
1.38496	1	5	0	34.5371
1.38546	1	5	0	34.5371
1.38596	1	5	0	34.5371
1.38646	1	5	0	34.5371
1.38696	1	5	0	34.5371
1.38743	1	5	0	34.5371
1.38796	1	5	0	34.5371
1.38846	1	5	0	34.5371
1.38896	1	5	0	34.5371
1.38946	1	5	0	34.5371
1.38996	1	5	0	34.5371
1.39046	1	5	0	34.5371
1.39096	1	5	0	34.5371
1.39146	1	5	0	34.5371
1.39196	1	5	0	34.5371
1.39246	1	5	0	34.5371
1.39296	1	5	0	34.5371
1.39346	1	5	0	34.5371
1.39396	1	5	0	34.5371
1.39446	1	5	0	34.5371
1.39496	1	5	0	34.5371
1.39546	1	5	0	34.5371
1.39596	1	5	0	34.5371
1.39646	1	5	0	34.5371
1.39696	1	5	0	34.5371
1.39743	1	5	0	34.5371
1.39793	1	5	0	34.5371
1.39846	1	5	0	34.5371
1.39896	1	5	0	34.5371
1.39946	1	5	0	34.5371
1.39996	1	5	0	34.5371
1.40046	1	5	0	34.5371
1.40096	1	5	0	34.5371
1.40146	1	5	0	34.5371
1.40196	1	5	0	34.5371
1.40246	1	5	0	34.5371
1.40293	1	5	0	34.5371
1.40346	1	5	0	34.5371
1.40396	1	5	0	34.5371
1.40446	1	5	0	34.5371
1.40496	1	5	0	34.5371
1.40546	1	5	0	34.5371
1.40596	1	5	0	34.5371
1.40643	1	5	0	34.5371
1.40696	1	5	0	34.5371
1.40746	1	5	0	34.5371
1.40796	1	5	0	34.5371
1.40846	1	5	0	34.5371
1.40896	1	5	0	34.5371
1.40946	1	5	0	34.5371
1.40993	1	5	0	34.5371
1.41046	1	5	0	34.5371
1.41096	1	5	0	34.5371
1.41146	1	5	0	34.5371
1.41196	1	5	0	34.5371
1.41246	1	5	0	34.5371
1.41296	1	5	0	34.5371
1.41343	1	5	0	34.5371
1.41393	1	5	0	34.5371
1.41446	1	5	0	34.5371
1.41496	1	5	0	34.5371
1.41546	1	5	0	34.5371
1.41593	1	5	0	34.5371
1.41646	1	5	0	34.5371
1.41696	1	5	0	34.5371
1.41746	1	5	0	34.5371
1.41796	1	5	0	34.5371
1.41846	1	5	0	34.5371
1.41896	1	5	0	34.5371
1.41946	1	5	0	34.5371
1.41996	1	5	0	34.5371
1.42046	1	5	0	34.5371
1.42096	1	5	0	34.5371
1.42146	1	5	0	34.5371
1.42196	1	5	0	34.5371
1.42225	1	5	0	34.5371
1.54543	3	4	0	33.2581
1.54596	3	4	0	33.2581
1.54646	3	4	0	33.2581
1.54696	3	4	0	33.2581
1.54746	3	4	0	33.2581
1.54796	3	4	0	33.2581
1.54846	3	4	0	33.2581
1.54896	3	4	0	33.2581
1.54946	3	4	0	33.2581
1.54996	3	4	0	33.2581
1.55046	3	4	0	33.2581
1.55093	3	4	0	33.2581
1.55146	3	4	0	33.2581
1.55196	3	4	0	33.2581
1.55246	3	4	0	33.2581
1.55296	3	4	0	33.2581
1.55346	3	4	0	33.2581
1.55393	3	4	0	33.2581
1.55443	3	4	0	33.2581
1.55496	3	4	0	33.2581
1.55546	3	4	0	33.2581
1.55596	3	4	0	33.2581
1.55646	3	4	0	33.2581
1.55696	3	4	0	33.2581
1.55746	3	4	0	33.2581
1.55796	3	4	0	33.2581
1.55843	3	4	0	33.2581
1.55896	3	4	0	33.2581
1.55943	3	4	0	33.2581
1.55996	3	4	0	33.2581
1.56046	3	4	0	33.2581
1.56096	3	4	0	33.2581
1.56146	3	4	0	33.2581
1.56193	3	4	0	33.2581
1.56246	3	4	0	33.2581
1.56296	3	4	0	33.2581
1.56346	3	4	0	33.2581
1.56396	3	4	0	33.2581
1.56446	3	4	0	33.2581
1.56496	3	4	0	33.2581
1.56546	3	4	0	33.2581
1.56596	3	4	0	33.2581
1.56646	3	4	0	33.2581
1.56693	3	4	0	33.2581
1.56746	3	4	0	33.2581
1.56796	3	4	0	33.2581
1.56846	3	4	0	33.2581
1.56896	3	4	0	33.2581
1.56946	3	4	0	33.2581
1.56996	3	4	0	33.2581
1.57046	3	4	0	33.2581
1.57096	3	4	0	33.2581
1.57146	3	4	0	33.2581
1.57196	3	4	0	33.2581
1.57246	3	4	0	33.2581
1.57296	3	4	0	33.2581
1.57346	3	4	0	33.2581
1.57396	3	4	0	33.2581
1.57446	3	4	0	33.2581
1.57496	3	4	0	33.2581
1.57546	3	4	0	33.2581
1.57593	3	4	0	33.2581
1.57646	3	4	0	33.2581
1.57696	3	4	0	33.2581
1.57746	3	4	0	33.2581
1.57796	3	4	0	33.2581
1.57846	3	4	0	33.2581
1.57896	3	4	0	33.2581
1.57946	3	4	0	33.2581
1.57993	3	4	0	33.2581
1.58046	3	4	0	33.2581
1.58096	3	4	0	33.2581
1.58146	3	4	0	33.2581
1.58196	3	4	0	33.2581
1.58246	3	4	0	33.2581
1.58296	3	4	0	33.2581
1.58346	3	4	0	33.2581
1.58396	3	4	0	33.2581
1.58446	3	4	0	33.2581
1.58496	3	4	0	33.2581
1.58543	3	4	0	33.2581
1.58596	3	4	0	33.2581
1.58646	3	4	0	33.2581
1.58696	3	4	0	33.2581
1.58746	3	4	0	33.2581
1.58796	3	4	0	33.2581
1.58846	3	4	0	33.2581
1.58875	3	4	0	33.2581
1.60996	3	5	0	21.7787
1.61046	3	5	0	21.7787
1.61096	3	5	0	21.7787
1.61146	3	5	0	21.7787
1.61196	3	5	0	21.7787
1.61246	3	5	0	21.7787
1.61296	3	5	0	21.7787
1.61346	3	5	0	21.7787
1.61396	3	5	0	21.7787
1.61446	3	5	0	21.7787
1.61496	3	5	0	21.7787
1.61546	3	5	0	21.7787
1.61593	3	5	0	21.7787
1.61646	3	5	0	21.7787
1.61696	3	5	0	21.7787
1.61746	3	5	0	21.7787
1.61796	3	5	0	21.7787
1.61846	3	5	0	21.7787
1.61896	3	5	0	21.7787
1.61946	3	5	0	21.7787
1.61993	3	5	0	21.7787
1.62046	3	5	0	21.7787
1.62096	3	5	0	21.7787
1.62146	3	5	0	21.7787
1.62196	3	5	0	21.7787
1.62246	3	5	0	21.7787
1.62296	3	5	0	21.7787
1.62346	3	5	0	21.7787
1.62375	3	5	0	21.7787
1.62396	3	6	0	28.694
1.62425	3	5	0	21.7787
1.62446	3	6	0	28.694
1.62475	3	5	0	21.7787
1.62496	3	6	0	28.694
1.62521	3	5	0	21.7787
1.62543	3	6	0	28.694
1.62575	3	5	0	21.7787
1.62596	3	6	0	28.694
1.62625	3	5	0	21.7787
1.62646	3	6	0	28.694
1.62675	3	5	0	21.7787
1.62696	3	6	0	28.694
1.62725	3	5	0	21.7787
1.62746	3	6	0	28.694
1.62775	3	5	0	21.7787
1.62796	3	6	0	28.694
1.62825	3	5	0	21.7787
1.62846	3	6	0	28.694
1.62875	3	5	0	21.7787
1.62896	3	6	0	28.694
1.62925	3	5	0	21.7787
1.62946	3	6	0	28.694
1.62975	3	5	0	21.7787
1.62996	3	6	0	28.694
1.63025	3	5	0	21.7787
1.63046	3	6	0	28.694
1.63075	3	5	0	21.7787
1.63093	3	6	0	28.694
1.63125	3	5	0	21.7787
1.63146	3	6	0	28.694
1.63175	3	6	0	28.694
1.63196	3	5	0	21.7787
1.63225	3	5	0	21.7787
1.63246	3	6	0	28.694
1.63275	3	5	0	21.7787
1.63296	3	6	0	28.694
1.63321	3	6	0	28.694
1.63346	3	5	0	21.7787
1.63371	3	5	0	21.7787
1.63393	3	6	0	28.694
1.63425	3	5	0	21.7787
1.63443	3	6	0	28.694
1.63475	3	5	0	21.7787
1.63496	3	6	0	28.694
1.63525	3	5	0	21.7787
1.63546	3	6	0	28.694
1.63575	3	5	0	21.7787
1.63596	3	6	0	28.694
1.63625	3	5	0	21.7787
1.63646	3	6	0	28.694
1.63671	3	6	0	28.694
1.63696	3	5	0	21.7787
1.63725	3	5	0	21.7787
1.63746	3	6	0	28.694
1.63775	3	5	0	21.7787
1.63796	3	6	0	28.694
1.63821	3	5	0	21.7787
1.63843	3	6	0	28.694
1.63875	3	5	0	21.7787
1.63896	3	6	0	28.694
1.63925	3	5	0	21.7787
1.63943	3	6	0	28.694
1.63975	3	5	0	21.7787
1.63996	3	6	0	28.694
1.64025	3	5	0	21.7787
1.64046	3	6	0	28.694
1.64075	3	6	0	28.694
1.64096	3	5	0	21.7787
1.64125	3	6	0	28.694
1.64146	3	5	0	21.7787
1.64171	3	5	0	21.7787
1.64193	3	6	0	28.694
1.64225	3	6	0	28.694
1.64246	3	5	0	21.7787
1.64275	3	5	0	21.7787
1.64296	3	6	0	28.694
1.64325	3	5	0	21.7787
1.64346	3	6	0	28.694
1.64375	3	5	0	21.7787
1.64396	3	6	0	28.694
1.64425	3	6	0	28.694
1.64446	3	5	0	21.7787
1.64475	3	5	0	21.7787
1.64496	3	6	0	28.694
1.64525	3	5	0	21.7787
1.64546	3	6	0	28.694
1.64575	3	5	0	21.7787
1.64596	3	6	0	28.694
1.64625	3	5	0	21.7787
1.64646	3	6	0	28.694
1.64671	3	5	0	21.7787
1.64693	3	6	0	28.694
1.64725	3	5	0	21.7787
1.64746	3	6	0	28.694
1.64775	3	5	0	21.7787
1.64796	3	6	0	28.694
1.64825	3	5	0	21.7787
1.64846	3	6	0	28.694
1.64875	3	5	0	21.7787
1.64896	3	6	0	28.694
1.64925	3	5	0	21.7787
1.64946	3	6	0	28.694
1.64975	3	5	0	21.7787
1.64996	3	6	0	28.694
1.65025	3	5	0	21.7787
1.65046	3	6	0	28.694
1.65075	3	6	0	28.694
1.65096	3	5	0	21.7787
1.65125	3	5	0	21.7787
1.65146	3	6	0	28.694
1.65175	3	5	0	21.7787
1.65196	3	6	0	28.694
1.65225	3	5	0	21.7787
1.65246	3	6	0	28.694
1.65275	3	5	0	21.7787
1.65296	3	6	0	28.694
1.65325	3	5	0	21.7787
1.65346	3	6	0	28.694
1.65375	3	6	0	28.694
1.65396	3	5	0	21.7787
1.65425	3	5	0	21.7787
1.65446	3	6	0	28.694
1.65475	3	5	0	21.7787
1.65496	3	6	0	28.694
1.65525	3	5	0	21.7787
1.65546	3	6	0	28.694
1.65571	3	5	0	21.7787
1.65593	3	6	0	28.694
1.65625	3	5	0	21.7787
1.65646	3	6	0	28.694
1.65675	3	5	0	21.7787
1.65696	3	6	0	28.694
1.65725	3	5	0	21.7787
1.65746	3	6	0	28.694
1.65775	3	5	0	21.7787
1.65796	3	6	0	28.694
1.65825	3	6	0	28.694
1.65846	3	5	0	21.7787
1.65875	3	6	0	28.694
1.65896	3	5	0	21.7787
1.65925	3	5	0	21.7787
1.65946	3	6	0	28.694
1.65971	3	5	0	21.7787
1.65993	3	6	0	28.694
1.66025	3	5	0	21.7787
1.66046	3	6	0	28.694
1.66075	3	5	0	21.7787
1.66096	3	6	0	28.694
1.66125	3	5	0	21.7787
1.66146	3	6	0	28.694
1.66175	3	5	0	21.7787
1.66196	3	6	0	28.694
1.66225	3	5	0	21.7787
1.66246	3	6	0	28.694
1.66275	3	5	0	21.7787
1.66296	3	6	0	28.694
1.66325	3	6	0	28.694
1.66346	3	5	0	21.7787
1.66375	3	5	0	21.7787
1.66396	3	6	0	28.694
1.66425	3	5	0	21.7787
1.66446	3	6	0	28.694
1.66475	3	6	0	28.694
1.66496	3	5	0	21.7787
1.66521	3	5	0	21.7787
1.66543	3	6	0	28.694
1.66575	3	5	0	21.7787
1.66596	3	6	0	28.694
1.66625	3	5	0	21.7787
1.66646	3	6	0	28.694
1.66675	3	5	0	21.7787
1.66696	3	6	0	28.694
1.66725	3	5	0	21.7787
1.66746	3	6	0	28.694
1.66775	3	5	0	21.7787
1.66796	3	6	0	28.694
1.66825	3	5	0	21.7787
1.66846	3	6	0	28.694
1.66875	3	5	0	21.7787
1.66896	3	6	0	28.694
1.66925	3	5	0	21.7787
1.66946	3	6	0	28.694
1.66975	3	5	0	21.7787
1.66996	3	6	0	28.694
1.67025	3	5	0	21.7787
1.67046	3	6	0	28.694
1.67075	3	5	0	21.7787
1.67093	3	6	0	28.694
1.67125	3	5	0	21.7787
1.67146	3	6	0	28.694
1.67175	3	5	0	21.7787
1.67196	3	6	0	28.694
1.67225	3	5	0	21.7787
1.67246	3	6	0	28.694
1.67275	3	5	0	21.7787
1.67296	3	6	0	28.694
1.67325	3	5	0	21.7787
1.67346	3	6	0	28.694
1.67375	3	6	0	28.694
1.67393	3	5	0	21.7787
1.67421	3	5	0	21.7787
1.67443	3	6	0	28.694
1.67475	3	5	0	21.7787
1.67496	3	6	0	28.694
1.67525	3	5	0	21.7787
1.67546	3	6	0	28.694
1.67575	3	5	0	21.7787
1.67596	3	6	0	28.694
1.67625	3	5	0	21.7787
1.67646	3	6	0	28.694
1.67675	3	5	0	21.7787
1.67696	3	6	0	28.694
1.67725	3	5	0	21.7787
1.67746	3	6	0	28.694
1.67775	3	6	0	28.694
1.67796	3	5	0	21.7787
1.67821	3	5	0	21.7787
1.67843	3	6	0	28.694
1.67875	3	5	0	21.7787
1.67896	3	6	0	28.694
1.67925	3	5	0	21.7787
1.67943	3	6	0	28.694
1.67975	3	5	0	21.7787
1.67996	3	6	0	28.694
1.68025	3	5	0	21.7787
1.68046	3	6	0	28.694
1.68075	3	5	0	21.7787
1.68096	3	6	0	28.694
1.68125	3	5	0	21.7787
1.68146	3	6	0	28.694
1.68171	3	6	0	28.694
1.68193	3	5	0	21.7787
1.68225	3	5	0	21.7787
1.68246	3	6	0	28.694
1.68275	3	5	0	21.7787
1.68296	3	6	0	28.694
1.68325	3	5	0	21.7787
1.68346	3	6	0	28.694
1.68375	3	5	0	21.7787
1.68396	3	6	0	28.694
1.68425	3	5	0	21.7787
1.68446	3	6	0	28.694
1.68475	3	5	0	21.7787
1.68496	3	6	0	28.694
1.68525	3	5	0	21.7787
1.68546	3	6	0	28.694
1.68575	3	5	0	21.7787
1.68596	3	6	0	28.694
1.68625	3	5	0	21.7787
1.68646	3	6	0	28.694
1.68671	3	5	0	21.7787
1.68693	3	6	0	28.694
1.68725	3	5	0	21.7787
1.68746	3	6	0	28.694
1.68775	3	6	0	28.694
1.68796	3	5	0	21.7787
1.68825	3	5	0	21.7787
1.68846	3	6	0	28.694
1.68875	3	5	0	21.7787
1.68896	3	6	0	28.694
1.68925	3	6	0	28.694
1.68946	3	5	0	21.7787
1.68975	3	5	0	21.7787
1.68996	3	6	0	28.694
1.69025	3	5	0	21.7787
1.69046	3	6	0	28.694
1.69075	3	5	0	21.7787
1.69096	3	6	0	28.694
1.69125	3	5	0	21.7787
1.69146	3	6	0	28.694
1.69175	3	5	0	21.7787
1.69196	3	6	0	28.694
1.69225	3	5	0	21.7787
1.69246	3	6	0	28.694
1.69275	3	5	0	21.7787
1.69296	3	6	0	28.694
1.69325	3	5	0	21.7787
1.69346	3	6	0	28.694
1.69375	3	5	0	21.7787
1.69396	3	6	0	28.694
1.69425	3	5	0	21.7787
1.69446	3	6	0	28.694
1.69475	3	5	0	21.7787
1.69496	3	6	0	28.694
1.69525	3	5	0	21.7787
1.69546	3	6	0	28.694
1.69571	3	5	0	21.7787
1.69593	3	6	0	28.694
1.69625	3	6	0	28.694
1.69646	3	5	0	21.7787
1.69675	3	6	0	28.694
1.69696	3	5	0	21.7787
1.69725	3	5	0	21.7787
1.69746	3	6	0	28.694
1.69775	3	5	0	21.7787
1.69796	3	6	0	28.694
1.69825	3	5	0	21.7787
1.69846	3	6	0	28.694
1.69875	3	5	0	21.7787
1.69896	3	6	0	28.694
1.69925	3	5	0	21.7787
1.69946	3	6	0	28.694
1.69971	3	5	0	21.7787
1.69993	3	6	0	28.694
1.70025	3	5	0	21.7787
1.70046	3	6	0	28.694
1.70075	3	5	0	21.7787
1.70096	3	6	0	28.694
1.70125	3	5	0	21.7787
1.70146	3	6	0	28.694
1.70175	3	5	0	21.7787
1.70196	3	6	0	28.694
1.70225	3	5	0	21.7787
1.70246	3	6	0	28.694
1.70275	3	5	0	21.7787
1.70296	3	6	0	28.694
1.70325	3	5	0	21.7787
1.70346	3	6	0	28.694
1.70375	3	5	0	21.7787
1.70396	3	6	0	28.694
1.70425	3	5	0	21.7787
1.70446	3	6	0	28.694
1.70475	3	5	0	21.7787
1.70496	3	6	0	28.694
1.70525	3	5	0	21.7787
1.70543	3	6	0	28.694
1.70575	3	6	0	28.694
1.70596	3	5	0	21.7787
1.70625	3	5	0	21.7787
1.70646	3	6	0	28.694
1.70675	3	5	0	21.7787
1.70696	3	6	0	28.694
1.70725	3	5	0	21.7787
1.70746	3	6	0	28.694
1.70771	3	6	0	28.694
1.70796	5	14	0	28.3346
1.70796	3	5	0	21.7787
1.70825	3	5	0	21.7787
1.70846	5	14	0	28.3346
1.70846	3	6	0	28.694
1.70875	3	5	0	21.7787
1.70896	5	14	0	28.3346
1.70896	3	6	0	28.694
1.70925	3	5	0	21.7787
1.70946	5	14	0	28.3346
1.70946	3	6	0	28.694
1.70975	3	5	0	21.7787
1.70993	5	14	0	28.3346
1.70996	3	6	0	28.694
1.71025	3	5	0	21.7787
1.71046	5	14	0	28.3346
1.71046	3	6	0	28.694
1.71071	3	5	0	21.7787
1.71093	3	6	0	28.694
1.71096	5	14	0	28.3346
1.71125	3	5	0	21.7787
1.71143	5	14	0	28.3346
1.71146	3	6	0	28.694
1.71175	3	5	0	21.7787
1.71193	5	14	0	28.3346
1.71196	3	6	0	28.694
1.71225	3	5	0	21.7787
1.71246	5	14	0	28.3346
1.71246	3	6	0	28.694
1.71275	3	5	0	21.7787
1.71296	5	14	0	28.3346
1.71296	3	6	0	28.694
1.71325	3	5	0	21.7787
1.71346	5	14	0	28.3346
1.71346	3	6	0	28.694
1.71375	3	5	0	21.7787
1.71393	3	6	0	28.694
1.71396	5	14	0	28.3346
1.71421	3	5	0	21.7787
1.71443	3	6	0	28.694
1.71446	5	14	0	28.3346
1.71475	3	5	0	21.7787
1.71496	5	14	0	28.3346
1.71496	3	6	0	28.694
1.71525	3	5	0	21.7787
1.71546	5	14	0	28.3346
1.71546	3	6	0	28.694
1.71575	3	5	0	21.7787
1.71596	5	14	0	28.3346
1.71596	3	6	0	28.694
1.71621	3	6	0	28.694
1.71646	5	14	0	28.3346
1.71646	3	5	0	21.7787
1.71675	3	5	0	21.7787
1.71696	5	14	0	28.3346
1.71696	3	6	0	28.694
1.71725	3	5	0	21.7787
1.71746	5	14	0	28.3346
1.71746	3	6	0	28.694
1.71775	3	5	0	21.7787
1.71796	5	14	0	28.3346
1.71796	3	6	0	28.694
1.71821	3	5	0	21.7787
1.71843	3	6	0	28.694
1.71846	5	14	0	28.3346
1.71875	3	5	0	21.7787
1.71896	5	14	0	28.3346
1.71896	3	6	0	28.694
1.71925	3	5	0	21.7787
1.71943	3	6	0	28.694
1.71946	5	14	0	28.3346
1.71975	3	5	0	21.7787
1.71996	5	14	0	28.3346
1.71996	3	6	0	28.694
1.72025	3	5	0	21.7787
1.72046	5	14	0	28.3346
1.72046	3	6	0	28.694
1.72075	3	5	0	21.7787
1.72096	5	14	0	28.3346
1.72096	3	6	0	28.694
1.72125	3	5	0	21.7787
1.72146	5	14	0	28.3346
1.72146	3	6	0	28.694
1.72171	3	6	0	28.694
1.72193	3	5	0	21.7787
1.72196	5	14	0	28.3346
1.72225	3	5	0	21.7787
1.72246	5	14	0	28.3346
1.72246	3	6	0	28.694
1.72275	3	5	0	21.7787
1.72296	5	14	0	28.3346
1.72296	3	6	0	28.694
1.72325	3	5	0	21.7787
1.72346	5	14	0	28.3346
1.72346	3	6	0	28.694
1.72375	3	5	0	21.7787
1.72396	5	14	0	28.3346
1.72396	3	6	0	28.694
1.72425	3	5	0	21.7787
1.72446	5	14	0	28.3346
1.72446	3	6	0	28.694
1.72475	3	6	0	28.694
1.72496	5	14	0	28.3346
1.72496	3	5	0	21.7787
1.72525	3	5	0	21.7787
1.72546	5	14	0	28.3346
1.72546	3	6	0	28.694
1.72575	3	5	0	21.7787
1.72593	5	14	0	28.3346
1.72596	3	6	0	28.694
1.72625	3	5	0	21.7787
1.72646	5	14	0	28.3346
1.72646	3	6	0	28.694
1.72671	3	5	0	21.7787
1.72693	5	14	0	28.3346
1.72693	3	6	0	28.694
1.72725	3	5	0	21.7787
1.72746	5	14	0	28.3346
1.72746	3	6	0	28.694
1.72775	3	5	0	21.7787
1.72796	5	14	0	28.3346
1.72796	3	6	0	28.694
1.72825	3	6	0	28.694
1.72843	5	14	0	28.3346
1.72846	3	5	0	21.7787
1.72875	3	5	0	21.7787
1.72896	5	14	0	28.3346
1.72896	3	6	0	28.694
1.72925	3	5	0	21.7787
1.72946	5	14	0	28.3346
1.72946	3	6	0	28.694
1.72975	3	5	0	21.7787
1.72996	5	14	0	28.3346
1.72996	3	6	0	28.694
1.73025	3	5	0	21.7787
1.73046	5	14	0	28.3346
1.73046	3	6	0	28.694
1.73075	3	5	0	21.7787
1.73096	5	14	0	28.3346
1.73096	3	6	0	28.694
1.73125	3	5	0	21.7787
1.73146	5	14	0	28.3346
1.73146	3	6	0	28.694
1.73175	3	5	0	21.7787
1.73196	5	14	0	28.3346
1.73196	3	6	0	28.694
1.73225	3	5	0	21.7787
1.73246	5	14	0	28.3346
1.73246	3	6	0	28.694
1.73275	3	5	0	21.7787
1.73296	5	14	0	28.3346
1.73296	3	6	0	28.694
1.73325	3	5	0	21.7787
1.73346	5	14	0	28.3346
1.73346	3	6	0	28.694
1.73375	3	5	0	21.7787
1.73396	5	14	0	28.3346
1.73396	3	6	0	28.694
1.73425	3	5	0	21.7787
1.73443	5	14	0	28.3346
1.73446	3	6	0	28.694
1.73475	3	5	0	21.7787
1.73493	5	14	0	28.3346
1.73496	3	6	0	28.694
1.73525	3	5	0	21.7787
1.73546	5	14	0	28.3346
1.73546	3	6	0	28.694
1.73571	3	5	0	21.7787
1.73593	3	6	0	28.694
1.73596	5	14	0	28.3346
1.73625	3	5	0	21.7787
1.73643	5	14	0	28.3346
1.73646	3	6	0	28.694
1.73675	3	5	0	21.7787
1.73696	5	14	0	28.3346
1.73696	3	6	0	28.694
1.73725	3	6	0	28.694
1.73746	5	14	0	28.3346
1.73746	3	5	0	21.7787
1.73775	3	5	0	21.7787
1.73796	5	14	0	28.3346
1.73796	3	6	0	28.694
1.73836	3	5	0	21.7787
1.73846	5	14	0	28.3346
1.73846	3	6	0	28.694
1.73896	3	5	0	21.7787
1.73896	5	14	0	28.3346
1.73946	3	5	0	21.7787
1.73946	5	14	0	28.3346
1.73993	3	5	0	21.7787
1.73996	5	14	0	28.3346
1.74046	3	5	0	21.7787
1.74046	5	14	0	28.3346
1.74064	3	6	0	28.694
1.74096	5	14	0	28.3346
1.74096	3	5	0	21.7787
1.74146	3	5	0	21.7787
1.74146	5	14	0	28.3346
1.74196	3	5	0	21.7787
1.74196	5	14	0	28.3346
1.74246	3	5	0	21.7787
1.74246	5	14	0	28.3346
1.74296	3	5	0	21.7787
1.74296	5	14	0	28.3346
1.74346	3	5	0	21.7787
1.74346	5	14	0	28.3346
1.74396	3	5	0	21.7787
1.74396	5	14	0	28.3346
1.74446	3	5	0	21.7787
1.74446	5	14	0	28.3346
1.74493	5	14	0	28.3346
1.74496	3	5	0	21.7787
1.74543	3	5	0	21.7787
1.74546	5	14	0	28.3346
1.74596	3	5	0	21.7787
1.74596	5	14	0	28.3346
1.74646	3	5	0	21.7787
1.74646	5	14	0	28.3346
1.74696	3	5	0	21.7787
1.74696	5	14	0	28.3346
1.74746	3	5	0	21.7787
1.74746	5	14	0	28.3346
1.74796	3	5	0	21.7787
1.74796	5	14	0	28.3346
1.74846	3	5	0	21.7787
1.74846	5	14	0	28.3346
1.74896	3	5	0	21.7787
1.74896	5	14	0	28.3346
1.74946	3	5	0	21.7787
1.74946	5	14	0	28.3346
1.74993	5	14	0	28.3346
1.74996	3	5	0	21.7787
1.75046	3	5	0	21.7787
1.75046	5	14	0	28.3346
1.75093	3	5	0	21.7787
1.75096	5	14	0	28.3346
1.75143	5	14	0	28.3346
1.75146	3	5	0	21.7787
1.75193	5	14	0	28.3346
1.75196	3	5	0	21.7787
1.75246	3	5	0	21.7787
1.75246	5	14	0	28.3346
1.75296	3	5	0	21.7787
1.75296	5	14	0	28.3346
1.75346	3	5	0	21.7787
1.75346	5	14	0	28.3346
1.75393	3	5	0	21.7787
1.75396	5	14	0	28.3346
1.75443	3	5	0	21.7787
1.75446	5	14	0	28.3346
1.75464	5	14	0	28.3346
1.75496	3	5	0	21.7787
1.75546	3	5	0	21.7787
1.75596	3	5	0	21.7787
1.75646	3	5	0	21.7787
1.75696	3	5	0	21.7787
1.75746	3	5	0	21.7787
1.75796	3	5	0	21.7787
1.75843	3	5	0	21.7787
1.75896	3	5	0	21.7787
1.75943	3	5	0	21.7787
1.75996	3	5	0	21.7787
1.76046	3	5	0	21.7787
1.76096	3	5	0	21.7787
1.76146	3	5	0	21.7787
1.76193	3	5	0	21.7787
1.76214	3	5	0	21.7787
1.87146	1	6	0	36.1918
1.87196	1	6	0	36.1918
1.87246	1	6	0	36.1918
1.87296	1	6	0	36.1918
1.87346	1	6	0	36.1918
1.87396	1	6	0	36.1918
1.87446	1	6	0	36.1918
1.87496	1	6	0	36.1918
1.87546	1	6	0	36.1918
1.87596	1	6	0	36.1918
1.87646	1	6	0	36.1918
1.87696	1	6	0	36.1918
1.87743	1	6	0	36.1918
1.87793	1	6	0	36.1918
1.87846	1	6	0	36.1918
1.87896	1	6	0	36.1918
1.87946	1	6	0	36.1918
1.87996	1	6	0	36.1918
1.88046	1	6	0	36.1918
1.88096	1	6	0	36.1918
1.88146	1	6	0	36.1918
1.88196	1	6	0	36.1918
1.88246	1	6	0	36.1918
1.88293	1	6	0	36.1918
1.88346	1	6	0	36.1918
1.88396	1	6	0	36.1918
1.88446	1	6	0	36.1918
1.88496	1	6	0	36.1918
1.88546	1	6	0	36.1918
1.88596	1	6	0	36.1918
1.88643	1	6	0	36.1918
1.88696	1	6	0	36.1918
1.88746	1	6	0	36.1918
1.88796	1	6	0	36.1918
1.88846	1	6	0	36.1918
1.88896	1	6	0	36.1918
1.88946	1	6	0	36.1918
1.88993	1	6	0	36.1918
1.89046	1	6	0	36.1918
1.89096	1	6	0	36.1918
1.89146	1	6	0	36.1918
1.89196	1	6	0	36.1918
1.89246	1	6	0	36.1918
1.89296	1	6	0	36.1918
1.89343	1	6	0	36.1918
1.89393	1	6	0	36.1918
1.89446	1	6	0	36.1918
1.89496	1	6	0	36.1918
1.89546	1	6	0	36.1918
1.89593	1	6	0	36.1918
1.89646	1	6	0	36.1918
1.89696	1	6	0	36.1918
1.89746	1	6	0	36.1918
1.89746	5	15	0	31.2037
1.89796	1	6	0	36.1918
1.89796	5	15	0	31.2037
1.89846	1	6	0	36.1918
1.89846	5	15	0	31.2037
1.89896	1	6	0	36.1918
1.89896	5	15	0	31.2037
1.89946	1	6	0	36.1918
1.89946	5	15	0	31.2037
1.89996	1	6	0	36.1918
1.89996	5	15	0	31.2037
1.90046	1	6	0	36.1918
1.90046	5	15	0	31.2037
1.90096	1	6	0	36.1918
1.90096	5	15	0	31.2037
1.90146	1	6	0	36.1918
1.90146	5	15	0	31.2037
1.90196	1	6	0	36.1918
1.90196	5	15	0	31.2037
1.90246	1	6	0	36.1918
1.90246	5	15	0	31.2037
1.90296	1	6	0	36.1918
1.90296	5	15	0	31.2037
1.90343	1	6	0	36.1918
1.90346	5	15	0	31.2037
1.90396	1	6	0	36.1918
1.90396	5	15	0	31.2037
1.90446	1	6	0	36.1918
1.90446	5	15	0	31.2037
1.90493	5	15	0	31.2037
1.90496	1	6	0	36.1918
1.90546	1	6	0	36.1918
1.90546	5	15	0	31.2037
1.90596	1	6	0	36.1918
1.90596	5	15	0	31.2037
1.90646	1	6	0	36.1918
1.90646	5	15	0	31.2037
1.90696	1	6	0	36.1918
1.90696	5	15	0	31.2037
1.90743	1	6	0	36.1918
1.90746	5	15	0	31.2037
1.90796	1	6	0	36.1918
1.90796	5	15	0	31.2037
1.90846	1	6	0	36.1918
1.90846	5	15	0	31.2037
1.90896	1	6	0	36.1918
1.90896	5	15	0	31.2037
1.90946	1	6	0	36.1918
1.90946	5	15	0	31.2037
1.90993	5	15	0	31.2037
1.90996	1	6	0	36.1918
1.91046	1	6	0	36.1918
1.91046	5	15	0	31.2037
1.91096	1	6	0	36.1918
1.91096	5	15	0	31.2037
1.91143	5	15	0	31.2037
1.91146	1	6	0	36.1918
1.91193	5	15	0	31.2037
1.91196	1	6	0	36.1918
1.91246	1	6	0	36.1918
1.91246	5	15	0	31.2037
1.91296	1	6	0	36.1918
1.91296	5	15	0	31.2037
1.91346	1	6	0	36.1918
1.91346	5	15	0	31.2037
1.91396	1	6	0	36.1918
1.91396	5	15	0	31.2037
1.91446	1	6	0	36.1918
1.91446	5	15	0	31.2037
1.91475	1	6	0	36.1918
1.91496	5	15	0	31.2037
1.91546	5	15	0	31.2037
1.91596	5	15	0	31.2037
1.91646	5	15	0	31.2037
1.91696	5	15	0	31.2037
1.91746	5	15	0	31.2037
1.91796	5	15	0	31.2037
1.91846	5	15	0	31.2037
1.91896	5	15	0	31.2037
1.91946	5	15	0	31.2037
1.91996	5	15	0	31.2037
1.92046	5	15	0	31.2037
1.92096	5	15	0	31.2037
1.92146	5	15	0	31.2037
1.92196	5	15	0	31.2037
1.92246	5	15	0	31.2037
1.92296	5	15	0	31.2037
1.92346	5	15	0	31.2037
1.92396	5	15	0	31.2037
1.92446	5	15	0	31.2037
1.92496	5	15	0	31.2037
1.92546	5	15	0	31.2037
1.92593	5	15	0	31.2037
1.92646	5	15	0	31.2037
1.92693	5	15	0	31.2037
1.92746	5	15	0	31.2037
1.92796	5	15	0	31.2037
1.92843	5	15	0	31.2037
1.92896	5	15	0	31.2037
1.92946	5	15	0	31.2037
1.92996	5	15	0	31.2037
1.93046	5	15	0	31.2037
1.93096	5	15	0	31.2037
1.93146	5	15	0	31.2037
1.93196	5	15	0	31.2037
1.93246	5	15	0	31.2037
1.93296	5	15	0	31.2037
1.93346	5	15	0	31.2037
1.93396	5	15	0	31.2037
1.93443	5	15	0	31.2037
1.93493	5	15	0	31.2037
1.93546	5	15	0	31.2037
1.93596	5	15	0	31.2037
1.93643	5	15	0	31.2037
1.93696	5	15	0	31.2037
1.93746	5	15	0	31.2037
1.93796	5	15	0	31.2037
1.93846	5	15	0	31.2037
1.93893	5	15	0	31.2037
1.93946	5	15	0	31.2037
1.93996	5	15	0	31.2037
1.94046	5	15	0	31.2037
1.94096	5	15	0	31.2037
1.94146	5	15	0	31.2037
1.94196	5	15	0	31.2037
1.94246	5	15	0	31.2037
1.94296	5	15	0	31.2037
1.94346	5	15	0	31.2037
1.94396	5	15	0	31.2037
1.94446	5	15	0	31.2037
1.94493	5	15	0	31.2037
1.94546	5	15	0	31.2037
1.94596	5	15	0	31.2037
1.94646	5	15	0	31.2037
1.94696	5	15	0	31.2037
1.94746	5	15	0	31.2037
1.94796	5	15	0	31.2037
1.94846	5	15	0	31.2037
1.94875	5	15	0	31.2037
1.95046	5	15	0	31.2037
2.00746	1	11	0	32.2701
2.00796	1	11	0	32.2701
2.00846	1	11	0	32.2701
2.00896	1	11	0	32.2701
2.00946	1	11	0	32.2701
2.00946	5	1	0	55.5115
2.00993	1	11	0	32.2701
2.00996	5	1	0	55.5115
2.01046	1	11	0	32.2701
2.01046	5	1	0	55.5115
2.01096	1	11	0	32.2701
2.01096	5	1	0	55.5115
2.01146	1	11	0	32.2701
2.01146	5	1	0	55.5115
2.01196	1	11	0	32.2701
2.01196	5	1	0	55.5115
2.01246	1	11	0	32.2701
2.01246	5	1	0	55.5115
2.01296	1	11	0	32.2701
2.01296	5	1	0	55.5115
2.01343	1	11	0	32.2701
2.01346	5	1	0	55.5115
2.01393	1	11	0	32.2701
2.01396	5	1	0	55.5115
2.01443	5	1	0	55.5115
2.01446	1	11	0	32.2701
2.01493	5	1	0	55.5115
2.01496	1	11	0	32.2701
2.01546	1	11	0	32.2701
2.01546	5	1	0	55.5115
2.01593	1	11	0	32.2701
2.01596	5	1	0	55.5115
2.01643	5	1	0	55.5115
2.01646	1	11	0	32.2701
2.01696	1	11	0	32.2701
2.01696	5	1	0	55.5115
2.01746	1	11	0	32.2701
2.01746	5	1	0	55.5115
2.01796	1	11	0	32.2701
2.01796	5	1	0	55.5115
2.01846	1	11	0	32.2701
2.01846	5	1	0	55.5115
2.01896	1	11	0	32.2701
2.01896	5	1	0	55.5115
2.01946	1	11	0	32.2701
2.01946	5	1	0	55.5115
2.01996	1	11	0	32.2701
2.01996	5	1	0	55.5115
2.02046	1	11	0	32.2701
2.02046	5	1	0	55.5115
2.02096	1	11	0	32.2701
2.02096	5	1	0	55.5115
2.02146	1	11	0	32.2701
2.02146	5	1	0	55.5115
2.02196	1	11	0	32.2701
2.02196	5	1	0	55.5115
2.02246	1	11	0	32.2701
2.02246	5	1	0	55.5115
2.02296	1	11	0	32.2701
2.02296	5	1	0	55.5115
2.02343	1	11	0	32.2701
2.02346	5	1	0	55.5115
2.02396	1	11	0	32.2701
2.02396	5	1	0	55.5115
2.02446	1	11	0	32.2701
2.02446	5	1	0	55.5115
2.02493	5	1	0	55.5115
2.02496	1	11	0	32.2701
2.02546	1	11	0	32.2701
2.02546	5	1	0	55.5115
2.02596	1	11	0	32.2701
2.02596	5	1	0	55.5115
2.02646	1	11	0	32.2701
2.02646	5	1	0	55.5115
2.02696	1	11	0	32.2701
2.02696	5	1	0	55.5115
2.02743	1	11	0	32.2701
2.02746	5	1	0	55.5115
2.02796	1	11	0	32.2701
2.02796	5	1	0	55.5115
2.02846	1	11	0	32.2701
2.02846	5	1	0	55.5115
2.02896	1	11	0	32.2701
2.02896	5	1	0	55.5115
2.02946	1	11	0	32.2701
2.02946	5	1	0	55.5115
2.02993	5	1	0	55.5115
2.02996	1	11	0	32.2701
2.03046	1	11	0	32.2701
2.03046	5	1	0	55.5115
2.03096	1	11	0	32.2701
2.03096	5	1	0	55.5115
2.03143	5	1	0	55.5115
2.03146	1	11	0	32.2701
2.03193	5	1	0	55.5115
2.03196	1	11	0	32.2701
2.03246	1	11	0	32.2701
2.03246	5	1	0	55.5115
2.03296	1	11	0	32.2701
2.03296	5	1	0	55.5115
2.03346	1	11	0	32.2701
2.03346	5	1	0	55.5115
2.03396	1	11	0	32.2701
2.03396	5	1	0	55.5115
2.03446	1	11	0	32.2701
2.03446	5	1	0	55.5115
2.03496	1	11	0	32.2701
2.03496	5	1	0	55.5115
2.03546	1	11	0	32.2701
2.03546	5	1	0	55.5115
2.03596	1	11	0	32.2701
2.03596	5	1	0	55.5115
2.03646	1	11	0	32.2701
2.03646	5	1	0	55.5115
2.03696	1	11	0	32.2701
2.03696	5	1	0	55.5115
2.03743	1	11	0	32.2701
2.03746	5	1	0	55.5115
2.03793	1	11	0	32.2701
2.03796	5	1	0	55.5115
2.03846	1	11	0	32.2701
2.03846	5	1	0	55.5115
2.03896	1	11	0	32.2701
2.03896	5	1	0	55.5115
2.03946	1	11	0	32.2701
2.03946	5	1	0	55.5115
2.03996	1	11	0	32.2701
2.03996	5	1	0	55.5115
2.04046	1	11	0	32.2701
2.04046	5	1	0	55.5115
2.04096	1	11	0	32.2701
2.04096	5	1	0	55.5115
2.04146	1	11	0	32.2701
2.04146	5	1	0	55.5115
2.04196	1	11	0	32.2701
2.04196	5	1	0	55.5115
2.04246	1	11	0	32.2701
2.04246	5	1	0	55.5115
2.04293	1	11	0	32.2701
2.04296	5	1	0	55.5115
2.04346	1	11	0	32.2701
2.04346	5	1	0	55.5115
2.04396	1	11	0	32.2701
2.04396	5	1	0	55.5115
2.04446	1	11	0	32.2701
2.04446	5	1	0	55.5115
2.04496	1	11	0	32.2701
2.04496	5	1	0	55.5115
2.04546	1	11	0	32.2701
2.04546	5	1	0	55.5115
2.04593	5	1	0	55.5115
2.04596	1	11	0	32.2701
2.04643	1	11	0	32.2701
2.04646	5	1	0	55.5115
2.04693	5	1	0	55.5115
2.04696	1	11	0	32.2701
2.04746	1	11	0	32.2701
2.04746	5	1	0	55.5115
2.04796	1	11	0	32.2701
2.04796	5	1	0	55.5115
2.04843	5	1	0	55.5115
2.04846	1	11	0	32.2701
2.04896	1	11	0	32.2701
2.04896	5	1	0	55.5115
2.04946	1	11	0	32.2701
2.04946	5	1	0	55.5115
2.04993	1	11	0	32.2701
2.04996	5	1	0	55.5115
2.05046	1	11	0	32.2701
2.05046	5	1	0	55.5115
2.05075	1	11	0	32.2701
2.05096	5	1	0	55.5115
2.05146	5	1	0	55.5115
2.05196	5	1	0	55.5115
2.05246	5	1	0	55.5115
2.05275	5	1	0	55.5115
2.06546	5	2	0	59.2815
2.06596	5	2	0	59.2815
2.06646	5	2	0	59.2815
2.06696	5	2	0	59.2815
2.06746	5	2	0	59.2815
2.06796	5	2	0	59.2815
2.06846	5	2	0	59.2815
2.06896	5	2	0	59.2815
2.06946	5	2	0	59.2815
2.06993	5	2	0	59.2815
2.07046	5	2	0	59.2815
2.07096	5	2	0	59.2815
2.07143	5	2	0	59.2815
2.07193	5	2	0	59.2815
2.07246	5	2	0	59.2815
2.07296	5	2	0	59.2815
2.07346	5	2	0	59.2815
2.07396	5	2	0	59.2815
2.07446	5	2	0	59.2815
2.07496	5	2	0	59.2815
2.07546	5	2	0	59.2815
2.07596	5	2	0	59.2815
2.07646	5	2	0	59.2815
2.07696	5	2	0	59.2815
2.07746	5	2	0	59.2815
2.07796	5	2	0	59.2815
2.07846	5	2	0	59.2815
2.07896	5	2	0	59.2815
2.07946	5	2	0	59.2815
2.07996	5	2	0	59.2815
2.08046	5	2	0	59.2815
2.08096	5	2	0	59.2815
2.08146	5	2	0	59.2815
2.08196	5	2	0	59.2815
2.08246	5	2	0	59.2815
2.08296	5	2	0	59.2815
2.08346	5	2	0	59.2815
2.08396	5	2	0	59.2815
2.08446	5	2	0	59.2815
2.08496	5	2	0	59.2815
2.08546	5	2	0	59.2815
2.08593	5	2	0	59.2815
2.08646	5	2	0	59.2815
2.08693	5	2	0	59.2815
2.08746	5	2	0	59.2815
2.08796	5	2	0	59.2815
2.08843	5	2	0	59.2815
2.08896	5	2	0	59.2815
2.08946	5	2	0	59.2815
2.08996	5	2	0	59.2815
2.09046	5	2	0	59.2815
2.09096	5	2	0	59.2815
2.09146	5	2	0	59.2815
2.09196	5	2	0	59.2815
2.09246	5	2	0	59.2815
2.09296	5	2	0	59.2815
2.09346	5	2	0	59.2815
2.09396	5	2	0	59.2815
2.09443	5	2	0	59.2815
2.09493	5	2	0	59.2815
2.09546	5	2	0	59.2815
2.09596	5	2	0	59.2815
2.09643	5	2	0	59.2815
2.09696	5	2	0	59.2815
2.09746	5	2	0	59.2815
2.09796	5	2	0	59.2815
2.09846	5	2	0	59.2815
2.09896	5	2	0	59.2815
2.09946	5	2	0	59.2815
2.09996	5	2	0	59.2815
2.10046	5	2	0	59.2815
2.10096	5	2	0	59.2815
2.10146	5	2	0	59.2815
2.10196	5	2	0	59.2815
2.10246	5	2	0	59.2815
2.10296	5	2	0	59.2815
2.10346	5	2	0	59.2815
2.10396	5	2	0	59.2815
2.10446	5	2	0	59.2815
2.10493	5	2	0	59.2815
2.10546	5	2	0	59.2815
2.10596	5	2	0	59.2815
2.10646	5	2	0	59.2815
2.10696	5	2	0	59.2815
2.10746	5	2	0	59.2815
2.10796	5	2	0	59.2815
2.10846	5	2	0	59.2815
2.10875	5	2	0	59.2815
2.16996	5	3	0	41.0762
2.17046	5	3	0	41.0762
2.17096	5	3	0	41.0762
2.17146	5	3	0	41.0762
2.17196	5	3	0	41.0762
2.17246	5	3	0	41.0762
2.17296	5	3	0	41.0762
2.17346	5	3	0	41.0762
2.17396	5	3	0	41.0762
2.17443	5	3	0	41.0762
2.17493	5	3	0	41.0762
2.17546	5	3	0	41.0762
2.17596	5	3	0	41.0762
2.17643	5	3	0	41.0762
2.17696	5	3	0	41.0762
2.17746	5	3	0	41.0762
2.17796	5	3	0	41.0762
2.17846	5	3	0	41.0762
2.17896	5	3	0	41.0762
2.17946	5	3	0	41.0762
2.17996	5	3	0	41.0762
2.18046	5	3	0	41.0762
2.18096	5	3	0	41.0762
2.18146	5	3	0	41.0762
2.18196	5	3	0	41.0762
2.18246	5	3	0	41.0762
2.18296	5	3	0	41.0762
2.18346	5	3	0	41.0762
2.18396	5	3	0	41.0762
2.18446	5	3	0	41.0762
2.18493	5	3	0	41.0762
2.18546	5	3	0	41.0762
2.18596	5	3	0	41.0762
2.18646	5	3	0	41.0762
2.18696	5	3	0	41.0762
2.18746	5	3	0	41.0762
2.18796	5	3	0	41.0762
2.18846	5	3	0	41.0762
2.18896	5	3	0	41.0762
2.18946	5	3	0	41.0762
2.18993	5	3	0	41.0762
2.19046	5	3	0	41.0762
2.19096	5	3	0	41.0762
2.19143	5	3	0	41.0762
2.19193	5	3	0	41.0762
2.19225	5	3	0	41.0762
2.19246	5	4	0	42.3039
2.19275	5	3	0	41.0762
2.19296	5	4	0	42.3039
2.19325	5	3	0	41.0762
2.19346	5	4	0	42.3039
2.19375	5	3	0	41.0762
2.19396	5	4	0	42.3039
2.19425	5	3	0	41.0762
2.19446	5	4	0	42.3039
2.19475	5	3	0	41.0762
2.19496	5	4	0	42.3039
2.19525	5	3	0	41.0762
2.19546	5	4	0	42.3039
2.19575	5	3	0	41.0762
2.19596	5	4	0	42.3039
2.19625	5	3	0	41.0762
2.19646	5	4	0	42.3039
2.19675	5	3	0	41.0762
2.19696	5	4	0	42.3039
2.19725	5	3	0	41.0762
2.19746	5	4	0	42.3039
2.19775	5	3	0	41.0762
2.19796	5	4	0	42.3039
2.19825	5	3	0	41.0762
2.19846	5	4	0	42.3039
2.19875	5	3	0	41.0762
2.19896	5	4	0	42.3039
2.19925	5	3	0	41.0762
2.19946	5	4	0	42.3039
2.19975	5	3	0	41.0762
2.19996	5	4	0	42.3039
2.20025	5	3	0	41.0762
2.20046	5	4	0	42.3039
2.20075	5	3	0	41.0762
2.20096	5	4	0	42.3039
2.20125	5	3	0	41.0762
2.20146	5	4	0	42.3039
2.20175	5	3	0	41.0762
2.20196	5	4	0	42.3039
2.20225	5	3	0	41.0762
2.20246	5	4	0	42.3039
2.20275	5	3	0	41.0762
2.20296	5	4	0	42.3039
2.20325	5	3	0	41.0762
2.20346	5	4	0	42.3039
2.20375	5	3	0	41.0762
2.20396	5	4	0	42.3039
2.20425	5	3	0	41.0762
2.20446	5	4	0	42.3039
2.20475	5	3	0	41.0762
2.20496	5	4	0	42.3039
2.20525	5	3	0	41.0762
2.20546	5	4	0	42.3039
2.20571	5	3	0	41.0762
2.20593	5	4	0	42.3039
2.20625	5	3	0	41.0762
2.20646	5	4	0	42.3039
2.20675	5	3	0	41.0762
2.20693	5	4	0	42.3039
2.20725	5	3	0	41.0762
2.20746	5	4	0	42.3039
2.20775	5	3	0	41.0762
2.20796	5	4	0	42.3039
2.20821	5	3	0	41.0762
2.20843	5	4	0	42.3039
2.20875	5	3	0	41.0762
2.20896	5	4	0	42.3039
2.20925	5	3	0	41.0762
2.20946	5	4	0	42.3039
2.20975	5	3	0	41.0762
2.20996	5	4	0	42.3039
2.21025	5	3	0	41.0762
2.21046	5	4	0	42.3039
2.21075	5	3	0	41.0762
2.21096	5	4	0	42.3039
2.21125	5	3	0	41.0762
2.21146	5	4	0	42.3039
2.21175	5	3	0	41.0762
2.21196	5	4	0	42.3039
2.21225	5	3	0	41.0762
2.21246	5	4	0	42.3039
2.21275	5	3	0	41.0762
2.21296	5	4	0	42.3039
2.21325	5	3	0	41.0762
2.21346	5	4	0	42.3039
2.21375	5	3	0	41.0762
2.21396	5	4	0	42.3039
2.21425	5	3	0	41.0762
2.21443	5	4	0	42.3039
2.21471	5	3	0	41.0762
2.21493	5	4	0	42.3039
2.21525	5	3	0	41.0762
2.21546	5	4	0	42.3039
2.21575	5	3	0	41.0762
2.21596	5	4	0	42.3039
2.21625	5	3	0	41.0762
2.21643	5	4	0	42.3039
2.21675	5	3	0	41.0762
2.21696	5	4	0	42.3039
2.21725	5	3	0	41.0762
2.21746	5	4	0	42.3039
2.21775	5	3	0	41.0762
2.21796	5	4	0	42.3039
2.21825	5	3	0	41.0762
2.21846	5	4	0	42.3039
2.21875	5	3	0	41.0762
2.21896	5	4	0	42.3039
2.21925	5	3	0	41.0762
2.21946	5	4	0	42.3039
2.21975	5	3	0	41.0762
2.21996	5	4	0	42.3039
2.22025	5	3	0	41.0762
2.22046	5	4	0	42.3039
2.22075	5	3	0	41.0762
2.22096	5	4	0	42.3039
2.22125	5	3	0	41.0762
2.22146	5	4	0	42.3039
2.22175	5	3	0	41.0762
2.22196	5	4	0	42.3039
2.22225	5	3	0	41.0762
2.22246	5	4	0	42.3039
2.22275	5	3	0	41.0762
2.22296	5	4	0	42.3039
2.22325	5	3	0	41.0762
2.22346	5	4	0	42.3039
2.22375	5	3	0	41.0762
2.22396	5	4	0	42.3039
2.22425	5	3	0	41.0762
2.22446	5	4	0	42.3039
2.22471	5	3	0	41.0762
2.22493	5	4	0	42.3039
2.22525	5	3	0	41.0762
2.22546	5	4	0	42.3039
2.22575	5	3	0	41.0762
2.22596	5	4	0	42.3039
2.22625	5	3	0	41.0762
2.22646	5	4	0	42.3039
2.22675	5	3	0	41.0762
2.22696	5	4	0	42.3039
2.22725	5	3	0	41.0762
2.22746	5	4	0	42.3039
2.22775	5	3	0	41.0762
2.22796	5	4	0	42.3039
2.22825	5	3	0	41.0762
2.22846	5	4	0	42.3039
2.22875	5	3	0	41.0762
2.22896	5	4	0	42.3039
2.22925	5	3	0	41.0762
2.22946	5	4	0	42.3039
2.22975	5	3	0	41.0762
2.22993	5	4	0	42.3039
2.23025	5	3	0	41.0762
2.23046	5	4	0	42.3039
2.23075	5	3	0	41.0762
2.23096	5	4	0	42.3039
2.23121	5	3	0	41.0762
2.23143	5	4	0	42.3039
2.23175	5	3	0	41.0762
2.23193	5	4	0	42.3039
2.23225	5	3	0	41.0762
2.23246	5	4	0	42.3039
2.23275	5	3	0	41.0762
2.23296	5	4	0	42.3039
2.23325	5	3	0	41.0762
2.23346	5	4	0	42.3039
2.23375	5	3	0	41.0762
2.23396	5	4	0	42.3039
2.23425	5	3	0	41.0762
2.23446	5	4	0	42.3039
2.23461	5	3	0	41.0762
2.23496	5	4	0	42.3039
2.23546	5	4	0	42.3039
2.23596	5	4	0	42.3039
2.23646	5	4	0	42.3039
2.23696	5	4	0	42.3039
2.23746	5	4	0	42.3039
2.23796	5	4	0	42.3039
2.23846	5	4	0	42.3039
2.23896	5	4	0	42.3039
2.23946	5	4	0	42.3039
2.23996	5	4	0	42.3039
2.24046	5	4	0	42.3039
2.24096	5	4	0	42.3039
2.24146	5	4	0	42.3039
2.24196	5	4	0	42.3039
2.24246	5	4	0	42.3039
2.24296	5	4	0	42.3039
2.24346	5	4	0	42.3039
2.24396	5	4	0	42.3039
2.24425	5	4	0	42.3039
2.24446	5	5	0	34.2419
2.24475	5	4	0	42.3039
2.24496	5	5	0	34.2419
2.24525	5	4	0	42.3039
2.24546	5	5	0	34.2419
2.24571	5	4	0	42.3039
2.24593	5	5	0	34.2419
2.24625	5	4	0	42.3039
2.24646	5	5	0	34.2419
2.24675	5	4	0	42.3039
2.24693	5	5	0	34.2419
2.24725	5	4	0	42.3039
2.24746	5	5	0	34.2419
2.24775	5	4	0	42.3039
2.24796	5	5	0	34.2419
2.24821	5	4	0	42.3039
2.24843	5	5	0	34.2419
2.24875	5	4	0	42.3039
2.24896	5	5	0	34.2419
2.24925	5	4	0	42.3039
2.24946	5	5	0	34.2419
2.24975	5	4	0	42.3039
2.24996	5	5	0	34.2419
2.25025	5	4	0	42.3039
2.25046	5	5	0	34.2419
2.25075	5	4	0	42.3039
2.25096	5	5	0	34.2419
2.25125	5	4	0	42.3039
2.25146	5	5	0	34.2419
2.25175	5	4	0	42.3039
2.25196	5	5	0	34.2419
2.25225	5	4	0	42.3039
2.25246	5	5	0	34.2419
2.25275	5	4	0	42.3039
2.25296	5	5	0	34.2419
2.25325	5	4	0	42.3039
2.25346	5	5	0	34.2419
2.25375	5	4	0	42.3039
2.25396	5	5	0	34.2419
2.25425	5	4	0	42.3039
2.25443	5	5	0	34.2419
2.25471	5	4	0	42.3039
2.25493	5	5	0	34.2419
2.25525	5	4	0	42.3039
2.25546	5	5	0	34.2419
2.25575	5	4	0	42.3039
2.25596	5	5	0	34.2419
2.25625	5	4	0	42.3039
2.25643	5	5	0	34.2419
2.25675	5	4	0	42.3039
2.25696	5	5	0	34.2419
2.25725	5	4	0	42.3039
2.25746	5	5	0	34.2419
2.25775	5	4	0	42.3039
2.25796	5	5	0	34.2419
2.25825	5	4	0	42.3039
2.25846	5	5	0	34.2419
2.25875	5	4	0	42.3039
2.25896	5	5	0	34.2419
2.25925	5	4	0	42.3039
2.25946	5	5	0	34.2419
2.25975	5	4	0	42.3039
2.25996	5	5	0	34.2419
2.26025	5	4	0	42.3039
2.26046	5	5	0	34.2419
2.26075	5	4	0	42.3039
2.26096	5	5	0	34.2419
2.26125	5	4	0	42.3039
2.26146	5	5	0	34.2419
2.26175	5	4	0	42.3039
2.26196	5	5	0	34.2419
2.26225	5	4	0	42.3039
2.26246	5	5	0	34.2419
2.26275	5	4	0	42.3039
2.26296	5	5	0	34.2419
2.26325	5	4	0	42.3039
2.26346	5	5	0	34.2419
2.26375	5	4	0	42.3039
2.26396	5	5	0	34.2419
2.26425	5	4	0	42.3039
2.26446	5	5	0	34.2419
2.26471	5	4	0	42.3039
2.26493	5	5	0	34.2419
2.26525	5	4	0	42.3039
2.26546	5	5	0	34.2419
2.26575	5	4	0	42.3039
2.26596	5	5	0	34.2419
2.26625	5	4	0	42.3039
2.26646	5	5	0	34.2419
2.26675	5	4	0	42.3039
2.26696	5	5	0	34.2419
2.26714	5	4	0	42.3039
2.26746	5	5	0	34.2419
2.26796	5	5	0	34.2419
2.26846	5	5	0	34.2419
2.26896	5	5	0	34.2419
2.26946	5	5	0	34.2419
2.26993	5	5	0	34.2419
2.27046	5	5	0	34.2419
2.27096	5	5	0	34.2419
2.27143	5	5	0	34.2419
2.27193	5	5	0	34.2419
2.27246	5	5	0	34.2419
2.27296	5	5	0	34.2419
2.27346	5	5	0	34.2419
2.27396	5	5	0	34.2419
2.27446	5	5	0	34.2419
2.27496	5	5	0	34.2419
2.27546	5	5	0	34.2419
2.27596	5	5	0	34.2419
2.27646	5	5	0	34.2419
2.27696	5	5	0	34.2419
2.27746	5	5	0	34.2419
2.27796	5	5	0	34.2419
2.27846	5	5	0	34.2419
2.27896	5	5	0	34.2419
2.27946	5	5	0	34.2419
2.27996	5	5	0	34.2419
2.28046	5	5	0	34.2419
2.28096	5	5	0	34.2419
2.28146	5	5	0	34.2419
2.28196	5	5	0	34.2419
2.28246	5	5	0	34.2419
2.28296	5	5	0	34.2419
2.28346	5	5	0	34.2419
2.28396	5	5	0	34.2419
2.28446	5	5	0	34.2419
2.28496	5	5	0	34.2419
2.28546	5	5	0	34.2419
2.28593	5	5	0	34.2419
2.28646	5	5	0	34.2419
2.28693	5	5	0	34.2419
2.28746	5	5	0	34.2419
2.28796	5	5	0	34.2419
2.28843	5	5	0	34.2419
2.28896	5	5	0	34.2419
2.28946	5	5	0	34.2419
2.28996	5	5	0	34.2419
2.29046	5	5	0	34.2419
2.29096	5	5	0	34.2419
2.29146	5	5	0	34.2419
2.29196	5	5	0	34.2419
2.29246	5	5	0	34.2419
2.29296	5	5	0	34.2419
2.29346	5	5	0	34.2419
2.29396	5	5	0	34.2419
2.29443	5	5	0	34.2419
2.29493	5	5	0	34.2419
2.29546	5	5	0	34.2419
2.29596	5	5	0	34.2419
2.29643	5	5	0	34.2419
2.29696	5	5	0	34.2419
2.29746	5	5	0	34.2419
2.29793	5	5	0	34.2419
2.30596	1	12	0	37.6759
2.30646	1	12	0	37.6759
2.30696	1	12	0	37.6759
2.30743	1	12	0	37.6759
2.30796	1	12	0	37.6759
2.30846	1	12	0	37.6759
2.30896	1	12	0	37.6759
2.30946	1	12	0	37.6759
2.30996	1	12	0	37.6759
2.31046	1	12	0	37.6759
2.31096	1	12	0	37.6759
2.31146	1	12	0	37.6759
2.31196	1	12	0	37.6759
2.31246	1	12	0	37.6759
2.31296	1	12	0	37.6759
2.31346	1	12	0	37.6759
2.31396	1	12	0	37.6759
2.31446	1	12	0	37.6759
2.31496	1	12	0	37.6759
2.31546	1	12	0	37.6759
2.31596	1	12	0	37.6759
2.31646	1	12	0	37.6759
2.31696	1	12	0	37.6759
2.31743	1	12	0	37.6759
2.31793	1	12	0	37.6759
2.31846	1	12	0	37.6759
2.31896	1	12	0	37.6759
2.31946	1	12	0	37.6759
2.31996	1	12	0	37.6759
2.32046	1	12	0	37.6759
2.32096	1	12	0	37.6759
2.32146	1	12	0	37.6759
2.32196	1	12	0	37.6759
2.32246	1	12	0	37.6759
2.32293	1	12	0	37.6759
2.32346	1	12	0	37.6759
2.32396	1	12	0	37.6759
2.32446	1	12	0	37.6759
2.32496	1	12	0	37.6759
2.32546	1	12	0	37.6759
2.32596	1	12	0	37.6759
2.32643	1	12	0	37.6759
2.32696	1	12	0	37.6759
2.32746	1	12	0	37.6759
2.32796	1	12	0	37.6759
2.32846	1	12	0	37.6759
2.32896	1	12	0	37.6759
2.32946	1	12	0	37.6759
2.32993	1	12	0	37.6759
2.33046	1	12	0	37.6759
2.33096	1	12	0	37.6759
2.33146	1	12	0	37.6759
2.33196	1	12	0	37.6759
2.33246	1	12	0	37.6759
2.33296	1	12	0	37.6759
2.33343	1	12	0	37.6759
2.33393	1	12	0	37.6759
2.33446	1	12	0	37.6759
2.33496	1	12	0	37.6759
2.33546	1	12	0	37.6759
2.33593	1	12	0	37.6759
2.33646	1	12	0	37.6759
2.33696	1	12	0	37.6759
2.33746	1	12	0	37.6759
2.33796	1	12	0	37.6759
2.33846	1	12	0	37.6759
2.33896	1	12	0	37.6759
2.33946	1	12	0	37.6759
2.33996	1	12	0	37.6759
2.34046	1	12	0	37.6759
2.34096	1	12	0	37.6759
2.34146	1	12	0	37.6759
2.34196	1	12	0	37.6759
2.34246	1	12	0	37.6759
2.34296	1	12	0	37.6759
2.34343	1	12	0	37.6759
2.34396	1	12	0	37.6759
2.34446	1	12	0	37.6759
2.34496	1	12	0	37.6759
2.34546	1	12	0	37.6759
2.34596	1	12	0	37.6759
2.34646	1	12	0	37.6759
2.34696	1	12	0	37.6759
2.34743	1	12	0	37.6759
2.34796	1	12	0	37.6759
2.34846	1	12	0	37.6759
2.34896	1	12	0	37.6759
2.34925	1	12	0	37.6759
2.36796	1	13	0	32.1922
2.36846	1	13	0	32.1922
2.36896	1	13	0	32.1922
2.36946	1	13	0	32.1922
2.36993	1	13	0	32.1922
2.37046	1	13	0	32.1922
2.37096	1	13	0	32.1922
2.37146	1	13	0	32.1922
2.37196	1	13	0	32.1922
2.37246	1	13	0	32.1922
2.37296	1	13	0	32.1922
2.37343	1	13	0	32.1922
2.37393	1	13	0	32.1922
2.37446	1	13	0	32.1922
2.37496	1	13	0	32.1922
2.37546	1	13	0	32.1922
2.37593	1	13	0	32.1922
2.37646	1	13	0	32.1922
2.37696	1	13	0	32.1922
2.37746	1	13	0	32.1922
2.37796	1	13	0	32.1922
2.37846	1	13	0	32.1922
2.37896	1	13	0	32.1922
2.37946	1	13	0	32.1922
2.37996	1	13	0	32.1922
2.38046	1	13	0	32.1922
2.38096	1	13	0	32.1922
2.38146	1	13	0	32.1922
2.38196	1	13	0	32.1922
2.38246	1	13	0	32.1922
2.38296	1	13	0	32.1922
2.38343	1	13	0	32.1922
2.38396	1	13	0	32.1922
2.38446	1	13	0	32.1922
2.38496	1	13	0	32.1922
2.38546	1	13	0	32.1922
2.38596	1	13	0	32.1922
2.38646	1	13	0	32.1922
2.38696	1	13	0	32.1922
2.38743	1	13	0	32.1922
2.38796	1	13	0	32.1922
2.38846	1	13	0	32.1922
2.38896	1	13	0	32.1922
2.38946	1	13	0	32.1922
2.38996	1	13	0	32.1922
2.39046	1	13	0	32.1922
2.39096	1	13	0	32.1922
2.39143	5	11	0	44.1872
2.39146	1	13	0	32.1922
2.39193	5	11	0	44.1872
2.39196	1	13	0	32.1922
2.39246	1	13	0	32.1922
2.39246	5	11	0	44.1872
2.39296	1	13	0	32.1922
2.39296	5	11	0	44.1872
2.39346	1	13	0	32.1922
2.39346	5	11	0	44.1872
2.39396	1	13	0	32.1922
2.39396	5	11	0	44.1872
2.39446	1	13	0	32.1922
2.39446	5	11	0	44.1872
2.39496	1	13	0	32.1922
2.39496	5	11	0	44.1872
2.39546	1	13	0	32.1922
2.39546	5	11	0	44.1872
2.39596	1	13	0	32.1922
2.39596	5	11	0	44.1872
2.39646	1	13	0	32.1922
2.39646	5	11	0	44.1872
2.39696	1	13	0	32.1922
2.39696	5	11	0	44.1872
2.39743	1	13	0	32.1922
2.39746	5	11	0	44.1872
2.39793	1	13	0	32.1922
2.39796	5	11	0	44.1872
2.39846	1	13	0	32.1922
2.39846	5	11	0	44.1872
2.39896	1	13	0	32.1922
2.39896	5	11	0	44.1872
2.39946	1	13	0	32.1922
2.39946	5	11	0	44.1872
2.39996	1	13	0	32.1922
2.39996	5	11	0	44.1872
2.40046	1	13	0	32.1922
2.40046	5	11	0	44.1872
2.40096	1	13	0	32.1922
2.40096	5	11	0	44.1872
2.40146	1	13	0	32.1922
2.40146	5	11	0	44.1872
2.40196	1	13	0	32.1922
2.40196	5	11	0	44.1872
2.40246	1	13	0	32.1922
2.40246	5	11	0	44.1872
2.40293	1	13	0	32.1922
2.40296	5	11	0	44.1872
2.40346	1	13	0	32.1922
2.40346	5	11	0	44.1872
2.40396	1	13	0	32.1922
2.40396	5	11	0	44.1872
2.40446	1	13	0	32.1922
2.40446	5	11	0	44.1872
2.40496	1	13	0	32.1922
2.40496	5	11	0	44.1872
2.40546	1	13	0	32.1922
2.40546	5	11	0	44.1872
2.40593	5	11	0	44.1872
2.40596	1	13	0	32.1922
2.40643	1	13	0	32.1922
2.40646	5	11	0	44.1872
2.40693	5	11	0	44.1872
2.40696	1	13	0	32.1922
2.40746	1	13	0	32.1922
2.40746	5	11	0	44.1872
2.40796	1	13	0	32.1922
2.40796	5	11	0	44.1872
2.40843	5	11	0	44.1872
2.40846	1	13	0	32.1922
2.40896	1	13	0	32.1922
2.40896	5	11	0	44.1872
2.40946	1	13	0	32.1922
2.40946	5	11	0	44.1872
2.40993	1	13	0	32.1922
2.40996	5	11	0	44.1872
2.41046	1	13	0	32.1922
2.41046	5	11	0	44.1872
2.41096	1	13	0	32.1922
2.41096	5	11	0	44.1872
2.41146	1	13	0	32.1922
2.41146	5	11	0	44.1872
2.41196	1	13	0	32.1922
2.41196	5	11	0	44.1872
2.41246	1	13	0	32.1922
2.41246	5	11	0	44.1872
2.41296	1	13	0	32.1922
2.41296	5	11	0	44.1872
2.41343	1	13	0	32.1922
2.41346	5	11	0	44.1872
2.41393	1	13	0	32.1922
2.41396	5	11	0	44.1872
2.41443	5	11	0	44.1872
2.41446	1	13	0	32.1922
2.41493	5	11	0	44.1872
2.41496	1	13	0	32.1922
2.41546	1	13	0	32.1922
2.41546	5	11	0	44.1872
2.41593	1	13	0	32.1922
2.41596	5	11	0	44.1872
2.41643	5	11	0	44.1872
2.41646	1	13	0	32.1922
2.41696	1	13	0	32.1922
2.41696	5	11	0	44.1872
2.41746	1	13	0	32.1922
2.41746	5	11	0	44.1872
2.41796	1	13	0	32.1922
2.41796	5	11	0	44.1872
2.41846	1	13	0	32.1922
2.41846	5	11	0	44.1872
2.41896	1	13	0	32.1922
2.41896	5	11	0	44.1872
2.41946	1	13	0	32.1922
2.41946	5	11	0	44.1872
2.41996	1	13	0	32.1922
2.41996	5	11	0	44.1872
2.42046	1	13	0	32.1922
2.42046	5	11	0	44.1872
2.42096	1	13	0	32.1922
2.42096	5	11	0	44.1872
2.42146	1	13	0	32.1922
2.42146	5	11	0	44.1872
2.42196	1	13	0	32.1922
2.42196	5	11	0	44.1872
2.42246	1	13	0	32.1922
2.42246	5	11	0	44.1872
2.42296	1	13	0	32.1922
2.42296	5	11	0	44.1872
2.42343	1	13	0	32.1922
2.42346	5	11	0	44.1872
2.42396	1	13	0	32.1922
2.42396	5	11	0	44.1872
2.42446	1	13	0	32.1922
2.42446	5	11	0	44.1872
2.42493	5	11	0	44.1872
2.42496	1	13	0	32.1922
2.42546	1	13	0	32.1922
2.42546	5	11	0	44.1872
2.42596	1	13	0	32.1922
2.42596	5	11	0	44.1872
2.42646	1	13	0	32.1922
2.42646	5	11	0	44.1872
2.42696	1	13	0	32.1922
2.42696	5	11	0	44.1872
2.42743	1	13	0	32.1922
2.42746	5	11	0	44.1872
2.42796	1	13	0	32.1922
2.42796	5	11	0	44.1872
2.42846	1	13	0	32.1922
2.42846	5	11	0	44.1872
2.42896	1	13	0	32.1922
2.42896	5	11	0	44.1872
2.42946	1	13	0	32.1922
2.42946	5	11	0	44.1872
2.42993	5	11	0	44.1872
2.42996	1	13	0	32.1922
2.43046	1	13	0	32.1922
2.43046	5	11	0	44.1872
2.43096	1	13	0	32.1922
2.43096	5	11	0	44.1872
2.43143	5	11	0	44.1872
2.43146	1	13	0	32.1922
2.43193	5	11	0	44.1872
2.43196	1	13	0	32.1922
2.43246	1	13	0	32.1922
2.43246	5	11	0	44.1872
2.43296	1	13	0	32.1922
2.43296	5	11	0	44.1872
2.43346	1	13	0	32.1922
2.43346	5	11	0	44.1872
2.43396	1	13	0	32.1922
2.43396	5	11	0	44.1872
2.43446	1	13	0	32.1922
2.43446	5	11	0	44.1872
2.43475	1	14	0	36.7984
2.43475	5	11	0	44.1872
2.43496	1	13	0	32.1922
2.43525	1	14	0	36.7984
2.43546	1	13	0	32.1922
2.43575	1	14	0	36.7984
2.43596	1	13	0	32.1922
2.43625	1	14	0	36.7984
2.43646	1	13	0	32.1922
2.43675	1	14	0	36.7984
2.43696	1	13	0	32.1922
2.43725	1	14	0	36.7984
2.43743	1	13	0	32.1922
2.43771	1	14	0	36.7984
2.43793	1	13	0	32.1922
2.43825	1	14	0	36.7984
2.43846	1	13	0	32.1922
2.43875	1	14	0	36.7984
2.43896	1	13	0	32.1922
2.43925	1	14	0	36.7984
2.43946	1	13	0	32.1922
2.43975	1	14	0	36.7984
2.43996	1	13	0	32.1922
2.44025	1	14	0	36.7984
2.44046	1	13	0	32.1922
2.44075	1	14	0	36.7984
2.44096	1	13	0	32.1922
2.44139	1	14	0	36.7984
2.44146	1	13	0	32.1922
2.44196	1	14	0	36.7984
2.44246	1	14	0	36.7984
2.44293	1	14	0	36.7984
2.44346	1	14	0	36.7984
2.44396	1	14	0	36.7984
2.44446	1	14	0	36.7984
2.44496	1	14	0	36.7984
2.44543	1	14	0	36.7984
2.44596	1	14	0	36.7984
2.44643	1	14	0	36.7984
2.44696	1	14	0	36.7984
2.44746	1	14	0	36.7984
2.44796	1	14	0	36.7984
2.44846	1	14	0	36.7984
2.44896	1	14	0	36.7984
2.44946	1	14	0	36.7984
2.44993	1	14	0	36.7984
2.45046	1	14	0	36.7984
2.45096	1	14	0	36.7984
2.45146	1	14	0	36.7984
2.45196	1	14	0	36.7984
2.45246	1	14	0	36.7984
2.45296	1	14	0	36.7984
2.45343	1	14	0	36.7984
2.45393	1	14	0	36.7984
2.45446	1	14	0	36.7984
2.45496	1	14	0	36.7984
2.45546	1	14	0	36.7984
2.45593	1	14	0	36.7984
2.45646	1	14	0	36.7984
2.45696	1	14	0	36.7984
2.45746	1	14	0	36.7984
2.45796	1	14	0	36.7984
2.45846	1	14	0	36.7984
2.45896	1	14	0	36.7984
2.45946	1	14	0	36.7984
2.45996	1	14	0	36.7984
2.46046	1	14	0	36.7984
2.46096	1	14	0	36.7984
2.46146	1	14	0	36.7984
2.46196	1	14	0	36.7984
2.46246	1	14	0	36.7984
2.46296	1	14	0	36.7984
2.46343	1	14	0	36.7984
2.46396	1	14	0	36.7984
2.46446	1	14	0	36.7984
2.46496	1	14	0	36.7984
2.46546	1	14	0	36.7984
2.46596	1	14	0	36.7984
2.46646	1	14	0	36.7984
2.46696	1	14	0	36.7984
2.46743	1	14	0	36.7984
2.46796	1	14	0	36.7984
2.46846	1	14	0	36.7984
2.46896	1	14	0	36.7984
2.46946	1	14	0	36.7984
2.46996	1	14	0	36.7984
2.47046	1	14	0	36.7984
2.47096	1	14	0	36.7984
2.47146	1	14	0	36.7984
2.47196	1	14	0	36.7984
2.47246	1	14	0	36.7984
2.47296	1	14	0	36.7984
2.47346	1	14	0	36.7984
2.47396	1	14	0	36.7984
2.47446	1	14	0	36.7984
2.47496	1	14	0	36.7984
2.47546	1	14	0	36.7984
2.47596	1	14	0	36.7984
2.47646	1	14	0	36.7984
2.47696	1	14	0	36.7984
2.47743	1	14	0	36.7984
2.47793	1	14	0	36.7984
2.47846	1	14	0	36.7984
2.47896	1	14	0	36.7984
2.47946	1	14	0	36.7984
2.47993	1	14	0	36.7984
2.48046	1	14	0	36.7984
2.48096	1	14	0	36.7984
2.48146	1	14	0	36.7984
2.48196	1	14	0	36.7984
2.48246	1	14	0	36.7984
2.48293	1	14	0	36.7984
2.48346	1	14	0	36.7984
2.48396	1	14	0	36.7984
2.48446	1	14	0	36.7984
2.57146	1	1	0	27.0644
2.57196	1	1	0	27.0644
2.57246	1	1	0	27.0644
2.57296	1	1	0	27.0644
2.57343	1	1	0	27.0644
2.57393	1	1	0	27.0644
2.57446	1	1	0	27.0644
2.57496	1	1	0	27.0644
2.57546	1	1	0	27.0644
2.57593	1	1	0	27.0644
2.57646	1	1	0	27.0644
2.57696	1	1	0	27.0644
2.57746	1	1	0	27.0644
2.57796	1	1	0	27.0644
2.57846	1	1	0	27.0644
2.57896	1	1	0	27.0644
2.57946	1	1	0	27.0644
2.57996	1	1	0	27.0644
2.58046	1	1	0	27.0644
2.58096	1	1	0	27.0644
2.58146	1	1	0	27.0644
2.58196	1	1	0	27.0644
2.58246	1	1	0	27.0644
2.58296	1	1	0	27.0644
2.58343	1	1	0	27.0644
2.58396	1	1	0	27.0644
2.58446	1	1	0	27.0644
2.58496	1	1	0	27.0644
2.58546	1	1	0	27.0644
2.58596	1	1	0	27.0644
2.58646	1	1	0	27.0644
2.58696	1	1	0	27.0644
2.58743	1	1	0	27.0644
2.58796	1	1	0	27.0644
2.58846	1	1	0	27.0644
2.58896	1	1	0	27.0644
2.58946	1	1	0	27.0644
2.58996	1	1	0	27.0644
2.59046	1	1	0	27.0644
2.59096	1	1	0	27.0644
2.59146	1	1	0	27.0644
2.59196	1	1	0	27.0644
2.59246	1	1	0	27.0644
2.59296	1	1	0	27.0644
2.59346	1	1	0	27.0644
2.59396	1	1	0	27.0644
2.59446	1	1	0	27.0644
2.59496	1	1	0	27.0644
2.59546	1	1	0	27.0644
2.59596	1	1	0	27.0644
2.59646	1	1	0	27.0644
2.59696	1	1	0	27.0644
2.59743	1	1	0	27.0644
2.59793	1	1	0	27.0644
2.59846	1	1	0	27.0644
2.59896	1	1	0	27.0644
2.59946	1	1	0	27.0644
2.59996	1	1	0	27.0644
2.60046	1	1	0	27.0644
2.60096	1	1	0	27.0644
2.60146	1	1	0	27.0644
2.60196	1	1	0	27.0644
2.60246	1	1	0	27.0644
2.60293	1	1	0	27.0644
2.60346	1	1	0	27.0644
2.60396	1	1	0	27.0644
2.60446	1	1	0	27.0644
2.60496	1	1	0	27.0644
2.60539	1	1	0	27.0644
2.60596	1	1	0	27.0644
2.60643	1	1	0	27.0644
2.60696	1	1	0	27.0644
2.60746	1	1	0	27.0644
2.60796	1	1	0	27.0644
2.60807	1	1	0	27.0644
2.60896	1	1	0	27.0644
2.60946	1	1	0	27.0644
2.60993	1	1	0	27.0644
2.61046	1	1	0	27.0644
2.61057	1	1	0	27.0644
2.61146	1	1	0	27.0644
2.61196	1	1	0	27.0644
2.61246	1	1	0	27.0644
2.61296	1	1	0	27.0644
2.61343	1	1	0	27.0644
2.61371	1	1	0	27.0644
2.61446	1	1	0	27.0644
2.61496	1	1	0	27.0644
2.61546	1	1	0	27.0644
2.61593	1	1	0	27.0644
2.61646	1	1	0	27.0644
2.61682	1	1	0	27.0644
2.61746	1	1	0	27.0644
2.61796	1	1	0	27.0644
2.61846	1	1	0	27.0644
2.61896	1	1	0	27.0644
2.61946	1	1	0	27.0644
2.61982	1	1	0	27.0644
2.62046	1	1	0	27.0644
2.62096	1	1	0	27.0644
2.62146	1	1	0	27.0644
2.62196	1	1	0	27.0644
2.62246	1	1	0	27.0644
2.62275	1	1	0	27.0644
2.62343	1	1	0	27.0644
2.62396	1	1	0	27.0644
2.62446	1	1	0	27.0644
2.62496	1	1	0	27.0644
2.62546	1	1	0	27.0644
2.62561	1	1	0	27.0644
