time(s)	cellId	rnti	lcid	packetSize
0.3085	1	14	3	11
0.3085	1	1	3	11
0.3085	1	2	3	11
0.3085	1	3	3	11
0.3085	1	4	3	11
0.3085	1	5	3	11
0.3085	1	6	3	11
0.3085	1	11	3	11
0.3085	1	12	3	28
0.3085	1	13	3	28
0.309	1	14	3	11
0.309	1	1	3	11
0.309	1	2	3	11
0.309	1	3	3	11
0.309	1	4	3	11
0.309	1	5	3	28
0.309	1	6	3	11
0.309	1	11	3	28
0.309	1	12	3	11
0.309	1	13	3	11
0.3095	1	14	3	11
0.3095	1	1	3	11
0.3095	1	2	3	11
0.3095	1	3	3	11
0.3095	1	4	3	28
0.3095	1	5	3	11
0.3095	1	6	3	28
0.3095	1	11	3	11
0.3095	1	12	3	11
0.3095	1	13	3	11
0.31	1	14	3	11
0.31	1	1	3	11
0.31	1	2	3	28
0.31	1	3	3	28
0.31	1	4	3	11
0.31	1	5	3	11
0.31	1	6	3	11
0.31	1	11	3	11
0.31	1	12	3	11
0.31	1	13	3	11
0.3105	1	14	3	28
0.3105	1	1	3	28
0.3105	1	2	3	11
0.3105	1	3	3	11
0.3105	1	4	3	11
0.3105	1	5	3	11
0.3105	1	6	3	11
0.3105	1	11	3	11
0.3105	1	12	3	11
0.3105	1	13	3	11
0.311	1	14	3	11
0.311	1	1	3	11
0.311	1	2	3	11
0.311	1	3	3	11
0.311	1	4	3	11
0.311	1	5	3	11
0.311	1	6	3	11
0.311	1	11	3	11
0.311	1	12	3	26
0.311	1	13	3	26
0.3115	1	14	3	17
0.3115	1	1	3	17
0.3115	1	2	3	17
0.3115	1	3	3	17
0.3115	1	4	3	17
0.3115	1	5	3	17
0.3115	1	6	3	17
0.3115	1	11	3	17
0.359	3	14	3	11
0.359	3	1	3	11
0.359	3	2	3	11
0.359	3	3	3	11
0.359	3	4	3	11
0.359	3	5	3	11
0.359	3	6	3	11
0.359	3	11	3	11
0.359	3	12	3	28
0.359	3	13	3	28
0.3595	3	14	3	11
0.3595	3	1	3	11
0.3595	3	2	3	11
0.3595	3	3	3	11
0.3595	3	4	3	11
0.3595	3	5	3	28
0.3595	3	6	3	11
0.3595	3	11	3	28
0.3595	3	12	3	11
0.3595	3	13	3	11
0.36	3	14	3	11
0.36	3	1	3	11
0.36	3	2	3	11
0.36	3	3	3	11
0.36	3	4	3	28
0.36	3	5	3	11
0.36	3	6	3	28
0.36	3	11	3	11
0.36	3	12	3	11
0.36	3	13	3	11
0.3605	3	14	3	11
0.3605	3	1	3	11
0.3605	3	2	3	11
0.3605	3	3	3	28
0.3605	3	4	3	11
0.3605	3	5	3	11
0.3605	3	6	3	11
0.3605	3	11	3	11
0.3605	3	12	3	11
0.3605	3	13	3	11
0.361	3	14	3	28
0.361	3	1	3	11
0.361	3	2	3	28
0.361	3	3	3	11
0.361	3	4	3	11
0.361	3	5	3	11
0.361	3	6	3	11
0.361	3	11	3	11
0.361	3	12	3	11
0.361	3	13	3	11
0.3615	3	14	3	11
0.3615	3	1	3	28
0.3615	3	2	3	11
0.3615	3	3	3	11
0.3615	3	4	3	11
0.3615	3	5	3	11
0.3615	3	6	3	11
0.3615	3	11	3	11
0.3615	3	12	3	11
0.3615	3	13	3	26
0.362	3	14	3	17
0.362	3	1	3	17
0.362	3	2	3	17
0.362	3	3	3	17
0.362	3	4	3	17
0.362	3	5	3	17
0.362	3	6	3	17
0.362	3	11	3	17
0.362	3	12	3	17
0.368	5	15	3	11
0.368	5	14	3	11
0.368	5	1	3	11
0.368	5	2	3	11
0.368	5	3	3	11
0.368	5	4	3	11
0.368	5	5	3	11
0.368	5	11	3	11
0.368	5	12	3	28
0.368	5	13	3	28
0.3685	5	15	3	11
0.3685	5	14	3	11
0.3685	5	1	3	11
0.3685	5	2	3	11
0.3685	5	3	3	11
0.3685	5	4	3	28
0.3685	5	5	3	11
0.3685	5	11	3	28
0.3685	5	12	3	11
0.3685	5	13	3	11
0.369	5	15	3	11
0.369	5	14	3	11
0.369	5	1	3	11
0.369	5	2	3	11
0.369	5	3	3	28
0.369	5	4	3	11
0.369	5	5	3	28
0.369	5	11	3	11
0.369	5	12	3	11
0.369	5	13	3	11
0.3695	5	15	3	11
0.3695	5	14	3	11
0.3695	5	1	3	28
0.3695	5	2	3	28
0.3695	5	3	3	11
0.3695	5	4	3	11
0.3695	5	5	3	11
0.3695	5	11	3	11
0.3695	5	12	3	11
0.3695	5	13	3	11
0.37	5	15	3	28
0.37	5	14	3	28
0.37	5	1	3	11
0.37	5	2	3	11
0.37	5	3	3	11
0.37	5	4	3	11
0.37	5	5	3	11
0.37	5	11	3	11
0.37	5	12	3	11
0.37	5	13	3	11
0.3705	5	15	3	11
0.3705	5	14	3	11
0.3705	5	1	3	11
0.3705	5	2	3	11
0.3705	5	3	3	11
0.3705	5	4	3	11
0.3705	5	5	3	11
0.3705	5	11	3	11
0.3705	5	12	3	26
0.3705	5	13	3	26
0.371	5	15	3	17
0.371	5	14	3	17
0.371	5	1	3	17
0.371	5	2	3	17
0.371	5	3	3	17
0.371	5	4	3	17
0.371	5	5	3	17
0.371	5	11	3	17
0.431	5	1	3	6485
0.4315	5	1	3	6485
0.432	5	1	3	6485
0.4325	5	1	3	6485
0.433	5	1	3	6485
0.4335	5	1	3	6485
0.434	5	1	3	6485
0.4345	5	1	3	6485
0.435	5	1	3	6485
0.4355	5	1	3	6485
0.436	5	1	3	6485
0.4365	5	1	3	6485
0.437	5	1	3	6485
0.4375	5	1	3	6485
0.438	5	1	3	6485
0.4385	5	1	3	6485
0.439	5	1	3	6485
0.4395	5	1	3	6485
0.44	5	1	3	6485
0.4405	5	1	3	6485
0.441	5	1	3	6485
0.4415	5	1	3	6485
0.442	5	1	3	6485
0.4425	5	1	3	6485
0.443	5	1	3	6485
0.4435	5	1	3	6485
0.444	5	1	3	6485
0.4445	5	1	3	5946
0.445	5	1	3	6485
0.4455	5	1	3	5946
0.446	5	1	3	6485
0.4465	5	1	3	6485
0.447	5	1	3	5946
0.4475	5	1	3	6485
0.448	5	1	3	6485
0.4485	5	1	3	6485
0.449	5	1	3	6485
0.4495	5	1	3	6485
0.45	5	1	3	6485
0.4505	5	1	3	6485
0.451	5	1	3	6485
0.4515	5	1	3	6485
0.452	5	1	3	6485
0.4525	5	1	3	6485
0.453	5	1	3	5946
0.4535	5	1	3	5946
0.454	5	1	3	6485
0.4545	5	1	3	6485
0.455	5	1	3	5946
0.4555	5	1	3	6485
0.456	5	1	3	6485
0.4565	5	1	3	6485
0.457	5	1	3	6485
0.4575	5	1	3	6485
0.458	5	1	3	6485
0.4585	5	1	3	6485
0.459	5	1	3	6485
0.4595	5	1	3	6485
0.46	5	1	3	6485
0.4605	5	1	3	6485
0.461	5	1	3	6485
0.4615	5	1	3	6485
0.462	5	1	3	6485
0.4625	5	1	3	6485
0.463	5	1	3	6485
0.4635	5	1	3	5946
0.464	5	1	3	6485
0.4645	5	1	3	6485
0.465	5	1	3	6485
0.4655	5	1	3	6485
0.466	5	1	3	6485
0.4665	5	1	3	6485
0.467	5	1	3	6485
0.4675	5	1	3	6485
0.468	5	1	3	6485
0.4685	5	1	3	5946
0.469	5	1	3	6485
0.4695	5	1	3	6485
0.47	5	1	3	5946
0.4705	5	1	3	5946
0.471	5	1	3	6485
0.4715	5	1	3	4024
0.492	5	2	3	6485
0.4925	5	2	3	6485
0.493	5	2	3	5946
0.4935	5	2	3	5946
0.494	5	2	3	6485
0.4945	5	2	3	6485
0.495	5	2	3	5946
0.4955	5	2	3	6485
0.496	5	2	3	6485
0.4965	5	2	3	6485
0.497	5	2	3	6485
0.4975	5	2	3	6485
0.498	5	2	3	6485
0.4985	5	2	3	6485
0.499	5	2	3	6485
0.4995	5	2	3	6485
0.5	5	2	3	6485
0.5005	5	2	3	6485
0.501	5	2	3	6485
0.5015	5	2	3	6485
0.502	5	2	3	6485
0.5025	5	2	3	6485
0.503	5	2	3	6485
0.5035	5	2	3	5946
0.504	5	2	3	6485
0.5045	5	2	3	6485
0.505	5	2	3	6485
0.5055	5	2	3	6485
0.506	5	2	3	6485
0.5065	5	2	3	6485
0.507	5	2	3	6485
0.5075	5	2	3	6485
0.508	5	2	3	6485
0.5085	5	2	3	5946
0.509	5	2	3	6485
0.5095	5	2	3	6485
0.51	5	2	3	5946
0.5105	5	2	3	5946
0.511	5	2	3	6485
0.5115	5	2	3	6485
0.512	5	2	3	6485
0.5125	5	2	3	6485
0.513	5	2	3	6485
0.5135	5	2	3	6485
0.514	5	2	3	6485
0.5145	5	2	3	6485
0.515	5	2	3	6485
0.5155	5	2	3	6485
0.516	5	2	3	6485
0.5165	5	2	3	6485
0.517	5	2	3	6485
0.5175	5	2	3	6485
0.518	5	2	3	6485
0.5185	5	2	3	6485
0.519	5	2	3	6485
0.5195	5	2	3	6485
0.52	5	2	3	6485
0.5205	5	2	3	6485
0.521	5	2	3	6485
0.5215	5	2	3	6485
0.522	5	2	3	6485
0.5225	5	2	3	6485
0.523	5	2	3	6485
0.5235	5	2	3	6485
0.524	5	2	3	6485
0.5245	5	2	3	5946
0.525	5	2	3	6485
0.5255	5	2	3	5946
0.526	5	2	3	6485
0.5265	5	2	3	6485
0.527	5	2	3	5946
0.5275	5	2	3	6485
0.528	5	2	3	6485
0.5285	5	2	3	6485
0.529	5	2	3	6485
0.5295	5	2	3	6485
0.53	5	2	3	6485
0.5305	5	2	3	6485
0.531	5	2	3	6485
0.5315	5	2	3	6485
0.532	5	2	3	6485
0.5325	5	2	3	4024
0.548	1	1	3	5368
0.5485	1	1	3	5368
0.549	1	1	3	5368
0.5495	1	1	3	5368
0.55	1	1	3	5368
0.5505	1	1	3	5368
0.551	1	1	3	5368
0.5515	1	1	3	5368
0.552	1	1	3	5368
0.5525	1	1	3	5368
0.553	1	1	3	5368
0.5535	1	1	3	5368
0.554	1	1	3	5368
0.5545	1	1	3	5368
0.555	1	1	3	5368
0.5555	1	1	3	5368
0.556	1	1	3	4923
0.5565	1	1	3	4923
0.557	1	1	3	5368
0.5575	1	1	3	5368
0.558	1	1	3	5368
0.5585	1	1	3	5368
0.559	1	1	3	5368
0.5595	1	1	3	5368
0.56	1	1	3	5368
0.5605	1	1	3	5368
0.561	1	1	3	5368
0.5615	1	1	3	4923
0.562	1	1	3	5368
0.5625	1	1	3	5368
0.563	1	1	3	5368
0.5635	1	1	3	5368
0.564	1	1	3	5368
0.5645	1	1	3	5368
0.565	1	1	3	4923
0.5655	1	1	3	5368
0.566	1	1	3	5368
0.5665	1	1	3	5368
0.567	1	1	3	5368
0.5675	1	1	3	5368
0.568	1	1	3	5368
0.5685	1	1	3	4923
0.569	1	1	3	5368
0.5695	1	1	3	5368
0.57	1	1	3	5368
0.5705	1	1	3	5368
0.571	1	1	3	5368
0.5715	1	1	3	5368
0.572	1	1	3	4923
0.5725	1	1	3	4923
0.573	1	1	3	5368
0.5735	1	1	3	5368
0.574	1	1	3	5368
0.5745	1	1	3	4923
0.575	1	1	3	5368
0.5755	1	1	3	5368
0.576	1	1	3	5368
0.5765	1	1	3	5368
0.577	1	1	3	5368
0.5775	1	1	3	5368
0.578	1	1	3	5368
0.5785	1	1	3	5368
0.579	1	1	3	5368
0.5795	1	1	3	5368
0.58	1	1	3	5368
0.5805	1	1	3	5368
0.581	1	1	3	5368
0.5815	1	1	3	5368
0.582	1	1	3	4923
0.5825	1	1	3	5368
0.583	1	1	3	5368
0.5835	1	1	3	5368
0.584	1	1	3	5368
0.5845	1	1	3	5368
0.585	1	1	3	5368
0.5855	1	1	3	5368
0.586	1	1	3	4923
0.5865	1	1	3	5368
0.587	1	1	3	5368
0.5875	1	1	3	5368
0.588	1	1	3	5368
0.5885	1	1	3	5368
0.589	1	1	3	5368
0.5895	1	1	3	5368
0.59	1	1	3	5368
0.5905	1	1	3	5368
0.591	1	1	3	5368
0.5915	1	1	3	5368
0.592	1	1	3	5368
0.5925	1	1	3	5368
0.593	1	1	3	5368
0.593	5	3	3	6485
0.5935	1	1	3	5368
0.5935	5	3	3	6485
0.594	1	1	3	5368
0.594	5	3	3	6485
0.5945	1	1	3	5368
0.5945	5	3	3	6485
0.595	1	1	3	5368
0.595	5	3	3	6485
0.5955	1	1	3	5368
0.5955	5	3	3	6485
0.596	1	1	3	4923
0.596	5	3	3	6485
0.5965	1	1	3	4923
0.5965	5	3	3	6485
0.597	1	1	3	3236
0.597	5	3	3	6485
0.5975	5	3	3	6485
0.598	5	3	3	6485
0.5985	5	3	3	6485
0.599	5	3	3	6485
0.5995	5	3	3	6485
0.6	5	3	3	6485
0.6005	5	3	3	6485
0.601	5	3	3	6485
0.6015	5	3	3	6485
0.602	5	3	3	6485
0.6025	5	3	3	6485
0.603	5	3	3	6485
0.6035	5	3	3	6485
0.604	5	3	3	6485
0.6045	5	3	3	5946
0.605	5	3	3	6485
0.6055	5	3	3	5946
0.606	5	3	3	6485
0.6065	5	3	3	6485
0.607	5	3	3	5946
0.6075	5	3	3	6485
0.608	5	3	3	6485
0.6085	5	3	3	6485
0.609	5	3	3	6485
0.6095	5	3	3	6485
0.61	5	3	3	6485
0.6105	5	3	3	6485
0.611	5	3	3	6485
0.6115	5	3	3	6485
0.612	5	3	3	6485
0.6125	5	3	3	6485
0.613	5	3	3	5946
0.6135	5	3	3	5946
0.614	5	3	3	6485
0.6145	5	3	3	6485
0.615	5	3	3	5946
0.6155	5	3	3	6485
0.616	5	3	3	6485
0.6165	5	3	3	6485
0.617	5	3	3	6485
0.6175	5	3	3	6485
0.618	5	3	3	6485
0.6185	5	3	3	6485
0.619	5	3	3	6485
0.6195	5	3	3	6485
0.62	5	3	3	6485
0.6205	5	3	3	6485
0.621	5	3	3	6485
0.6215	5	3	3	6485
0.622	5	3	3	6485
0.6225	5	3	3	6485
0.623	5	3	3	6485
0.6235	5	3	3	5946
0.624	5	3	3	6485
0.6245	5	3	3	6485
0.625	5	3	3	6485
0.6255	5	3	3	6485
0.626	5	3	3	6485
0.6265	5	3	3	6485
0.627	5	3	3	6485
0.6275	5	3	3	6485
0.628	5	3	3	6485
0.6285	5	3	3	5946
0.629	5	3	3	6485
0.6295	5	3	3	6485
0.63	5	3	3	5946
0.6305	5	3	3	5946
0.631	5	3	3	6485
0.6315	5	3	3	6485
0.632	5	3	3	6485
0.6325	5	3	3	6485
0.633	5	3	3	6485
0.6335	5	3	3	4024
0.6635	3	1	3	6485
0.664	3	1	3	5946
0.6645	3	1	3	6485
0.665	3	1	3	6485
0.6655	3	1	3	6485
0.666	3	1	3	6485
0.6665	3	1	3	6485
0.667	3	1	3	6485
0.6675	3	1	3	6485
0.668	3	1	3	6485
0.6685	3	1	3	6485
0.669	3	1	3	6485
0.6695	3	1	3	5946
0.67	3	1	3	6485
0.6705	3	1	3	6485
0.671	3	1	3	6485
0.6715	3	1	3	6485
0.672	3	1	3	6485
0.6725	3	1	3	5946
0.673	3	1	3	5946
0.6735	3	1	3	6485
0.674	3	1	3	6485
0.6745	3	1	3	6485
0.675	3	1	3	6485
0.6755	3	1	3	6485
0.676	3	1	3	6485
0.6765	3	1	3	6485
0.677	3	1	3	5946
0.6775	3	1	3	6485
0.678	3	1	3	5946
0.6785	3	1	3	6485
0.679	3	1	3	6485
0.6795	3	1	3	6485
0.68	3	1	3	6485
0.6805	3	1	3	5946
0.681	3	1	3	6485
0.6815	3	1	3	6485
0.682	3	1	3	6485
0.6825	3	1	3	6485
0.683	3	1	3	6485
0.6835	3	1	3	6485
0.684	3	1	3	6485
0.6845	3	1	3	6485
0.685	3	1	3	6485
0.6855	3	1	3	5946
0.686	3	1	3	6485
0.6865	3	1	3	6485
0.687	3	1	3	6485
0.6875	3	1	3	6485
0.688	3	1	3	6485
0.6885	3	1	3	6485
0.689	3	1	3	6485
0.6895	3	1	3	6485
0.69	3	1	3	6485
0.6905	3	1	3	6485
0.691	3	1	3	6485
0.6915	3	1	3	6485
0.692	3	1	3	6485
0.6925	3	1	3	6485
0.693	3	1	3	6485
0.6935	3	1	3	6485
0.694	3	1	3	6485
0.6945	3	1	3	5946
0.695	3	1	3	6485
0.6955	3	1	3	6485
0.696	3	1	3	6485
0.6965	3	1	3	6485
0.697	3	1	3	6485
0.6975	3	1	3	6485
0.698	3	1	3	6485
0.6985	3	1	3	5946
0.699	3	1	3	6485
0.6995	3	1	3	6485
0.7	3	1	3	6485
0.7005	3	1	3	6485
0.701	3	1	3	6485
0.7015	3	1	3	6485
0.702	3	1	3	6485
0.7025	3	1	3	6485
0.703	3	1	3	6485
0.7035	3	1	3	6485
0.704	3	1	3	4024
0.7665	3	2	3	6485
0.767	3	2	3	6485
0.7675	3	2	3	6485
0.768	3	2	3	6485
0.7685	3	2	3	6485
0.769	3	2	3	6485
0.7695	3	2	3	6485
0.77	3	2	3	6485
0.7705	3	2	3	6485
0.771	3	2	3	6485
0.7715	3	2	3	6485
0.772	3	2	3	6485
0.7725	3	2	3	6485
0.773	3	2	3	6485
0.7735	3	2	3	6485
0.774	3	2	3	6485
0.7745	3	2	3	5946
0.775	3	2	3	6485
0.7755	3	2	3	3241
0.7755	3	3	3	2684
0.776	3	2	3	3241
0.776	3	3	3	2684
0.7765	3	2	3	3241
0.7765	3	3	3	2684
0.777	3	2	3	3241
0.777	3	3	3	2684
0.7775	3	2	3	3241
0.7775	3	3	3	2684
0.778	3	2	3	3241
0.778	3	3	3	2684
0.7785	3	2	3	2701
0.7785	3	3	3	2684
0.779	3	2	3	3241
0.779	3	3	3	2684
0.7795	3	2	3	3241
0.7795	3	3	3	2684
0.78	3	2	3	3241
0.78	3	3	3	2684
0.7805	3	2	3	3241
0.7805	3	3	3	2684
0.781	3	2	3	3241
0.781	3	3	3	2684
0.7815	3	2	3	3241
0.7815	3	3	3	2684
0.782	3	2	3	3241
0.782	3	3	3	2684
0.7825	3	2	3	3241
0.7825	3	3	3	2684
0.783	3	2	3	3241
0.783	3	3	3	2684
0.7835	3	2	3	3241
0.7835	3	3	3	2684
0.784	3	2	3	3241
0.784	3	3	3	2235
0.7845	3	2	3	3241
0.7845	3	3	3	2684
0.785	3	2	3	3241
0.785	3	3	3	2684
0.7855	3	2	3	3241
0.7855	3	3	3	2684
0.786	3	2	3	3241
0.786	3	3	3	2684
0.7865	3	2	3	3241
0.7865	3	3	3	2684
0.787	3	2	3	3241
0.787	3	3	3	2684
0.7875	3	2	3	3241
0.7875	3	3	3	2684
0.788	3	2	3	3241
0.788	3	3	3	2684
0.7885	3	2	3	3241
0.7885	3	3	3	2684
0.789	3	2	3	3241
0.789	3	3	3	2684
0.7895	3	2	3	2701
0.7895	3	3	3	2684
0.79	3	2	3	3241
0.79	3	3	3	2684
0.7905	3	2	3	3241
0.7905	3	3	3	2684
0.791	3	2	3	3241
0.791	3	3	3	2684
0.7915	3	2	3	3241
0.7915	3	3	3	2684
0.792	3	2	3	3241
0.792	3	3	3	2684
0.7925	3	2	3	3241
0.7925	3	3	3	2235
0.793	3	2	3	2701
0.793	3	3	3	2684
0.7935	3	2	3	3241
0.7935	3	3	3	2684
0.794	3	2	3	3241
0.794	3	3	3	2684
0.7945	3	2	3	3241
0.7945	3	3	3	2684
0.795	3	2	3	3241
0.795	3	3	3	2684
0.7955	3	2	3	3241
0.7955	3	3	3	2684
0.796	3	2	3	3241
0.796	3	3	3	2684
0.7965	3	2	3	3241
0.7965	3	3	3	2684
0.797	3	2	3	3241
0.797	3	3	3	2235
0.7975	3	2	3	3241
0.7975	3	3	3	2684
0.798	3	2	3	2701
0.798	3	3	3	2684
0.7985	3	2	3	3241
0.7985	3	3	3	2684
0.799	3	2	3	3241
0.799	3	3	3	2684
0.7995	3	2	3	3241
0.7995	3	3	3	2684
0.8	3	2	3	3241
0.8	3	3	3	2684
0.8005	3	2	3	3241
0.8005	3	3	3	2235
0.801	3	2	3	3241
0.801	3	3	3	2684
0.8015	3	2	3	3241
0.8015	3	3	3	2684
0.802	3	2	3	3241
0.802	3	3	3	2684
0.8025	3	2	3	3241
0.8025	3	3	3	2684
0.803	3	2	3	3241
0.803	3	3	3	2684
0.8035	3	2	3	3241
0.8035	3	3	3	2684
0.804	3	2	3	3241
0.804	3	3	3	2684
0.8045	3	2	3	3241
0.8045	3	3	3	2684
0.805	3	2	3	3241
0.805	3	3	3	2684
0.8055	3	2	3	2701
0.8055	3	3	3	2684
0.806	3	2	3	3241
0.806	3	3	3	2684
0.8065	3	2	3	3241
0.8065	3	3	3	2684
0.807	3	2	3	3241
0.807	3	3	3	2684
0.8075	3	2	3	3241
0.8075	3	3	3	2684
0.808	3	2	3	3241
0.808	3	3	3	2684
0.8085	3	2	3	3241
0.8085	3	3	3	2684
0.809	3	2	3	3241
0.809	3	3	3	2684
0.8095	3	2	3	3241
0.8095	3	3	3	2684
0.81	3	2	3	3241
0.81	3	3	3	2684
0.8105	3	2	3	3241
0.8105	3	3	3	2684
0.811	3	2	3	3241
0.811	3	3	3	2684
0.8115	3	2	3	3241
0.8115	3	3	3	2684
0.812	3	2	3	3241
0.812	3	3	3	2684
0.8125	3	2	3	3241
0.8125	3	3	3	2684
0.813	3	2	3	3241
0.813	3	3	3	2684
0.8135	3	2	3	3241
0.8135	3	3	3	2684
0.814	3	2	3	3241
0.814	3	3	3	2684
0.8145	3	2	3	3241
0.8145	3	3	3	2235
0.815	3	2	3	3241
0.815	3	3	3	2684
0.8155	3	2	3	3241
0.8155	3	3	3	2684
0.816	3	2	3	3241
0.816	3	3	3	2684
0.8165	3	2	3	3241
0.8165	3	3	3	2684
0.817	3	2	3	3241
0.817	3	3	3	2684
0.8175	3	2	3	3241
0.8175	3	3	3	2684
0.818	3	2	3	3241
0.818	3	3	3	2684
0.8185	3	2	3	2701
0.8185	3	3	3	2684
0.819	3	2	3	3241
0.819	3	3	3	2682
0.8195	3	2	3	3241
0.8195	3	3	3	2684
0.82	3	2	3	3241
0.82	3	3	3	2684
0.8205	3	2	3	3241
0.8205	3	3	3	2684
0.821	3	2	3	3241
0.821	3	3	3	2684
0.8215	3	2	3	3241
0.8215	3	3	3	2684
0.822	3	2	3	3241
0.822	3	3	3	2684
0.8225	3	2	3	3241
0.8225	3	3	3	2684
0.823	3	2	3	3241
0.823	3	3	3	2684
0.8235	3	2	3	3241
0.8235	3	3	3	2684
0.824	3	2	3	3241
0.824	3	3	3	2235
0.8245	3	2	3	3241
0.8245	3	3	3	2684
0.825	3	2	3	3241
0.825	3	3	3	2684
0.8255	3	2	3	3241
0.8255	3	3	3	2684
0.826	3	2	3	3241
0.826	3	3	3	2684
0.826	5	4	3	6485
0.8265	3	2	3	3241
0.8265	3	3	3	2684
0.8265	5	4	3	6485
0.827	3	2	3	3241
0.827	3	3	3	2684
0.827	5	4	3	6485
0.8275	3	2	3	3241
0.8275	3	3	3	2684
0.8275	5	4	3	6485
0.828	3	2	3	3241
0.828	3	3	3	2684
0.828	5	4	3	6485
0.8285	3	2	3	3241
0.8285	3	3	3	2684
0.8285	5	4	3	5946
0.829	3	2	3	3241
0.829	3	3	3	2684
0.829	5	4	3	6485
0.8295	3	2	3	2701
0.8295	3	3	3	2684
0.8295	5	4	3	6485
0.83	3	2	3	3241
0.83	3	3	3	2684
0.83	5	4	3	5946
0.8305	3	2	3	3241
0.8305	3	3	3	2684
0.8305	5	4	3	5946
0.831	3	2	3	3241
0.831	3	3	3	2684
0.831	5	4	3	6485
0.8315	3	2	3	3241
0.8315	3	3	3	2684
0.8315	5	4	3	6485
0.832	3	2	3	3241
0.832	3	3	3	2684
0.832	5	4	3	6485
0.8325	3	2	3	3241
0.8325	3	3	3	2235
0.8325	5	4	3	6485
0.833	3	2	3	2701
0.833	3	3	3	2684
0.833	5	4	3	6485
0.8335	3	2	3	3241
0.8335	3	3	3	2684
0.8335	5	4	3	6485
0.834	3	2	3	3241
0.834	3	3	3	2684
0.834	5	4	3	6485
0.8345	3	2	3	3241
0.8345	3	3	3	2684
0.8345	5	4	3	6485
0.835	3	2	3	3241
0.835	3	3	3	2684
0.835	5	4	3	6485
0.8355	3	2	3	3241
0.8355	3	3	3	2684
0.8355	5	4	3	6485
0.836	3	2	3	3241
0.836	3	3	3	2684
0.836	5	4	3	6485
0.8365	3	2	3	3241
0.8365	3	3	3	2684
0.8365	5	4	3	6485
0.837	3	2	3	3241
0.837	3	3	3	2235
0.837	5	4	3	6485
0.8375	3	2	3	3241
0.8375	3	3	3	2684
0.8375	5	4	3	6485
0.838	3	2	3	2701
0.838	3	3	3	2684
0.838	5	4	3	6485
0.8385	3	2	3	3241
0.8385	3	3	3	2684
0.8385	5	4	3	6485
0.839	3	2	3	1109
0.839	3	3	3	4028
0.839	5	4	3	6485
0.8395	3	3	3	5368
0.8395	5	4	3	6485
0.84	3	3	3	5368
0.84	5	4	3	6485
0.8405	3	3	3	4923
0.8405	5	4	3	6485
0.841	3	3	3	5368
0.841	5	4	3	6485
0.8415	3	3	3	5368
0.8415	5	4	3	6485
0.842	3	3	3	5368
0.842	5	4	3	6485
0.8425	3	3	3	5368
0.8425	5	4	3	6485
0.843	3	3	3	5368
0.843	5	4	3	6485
0.8435	3	3	3	5368
0.8435	5	4	3	6485
0.844	3	3	3	5368
0.844	5	4	3	6485
0.8445	3	3	3	5368
0.8445	5	4	3	5946
0.845	3	3	3	5368
0.845	5	4	3	6485
0.8455	3	3	3	4923
0.8455	5	4	3	5946
0.846	3	3	3	5368
0.846	5	4	3	6485
0.8465	3	3	3	5368
0.8465	5	4	3	6485
0.847	3	3	3	5368
0.847	5	4	3	5946
0.8475	3	3	3	5368
0.8475	5	4	3	6485
0.848	3	3	3	5368
0.848	5	4	3	6485
0.8485	3	3	3	5368
0.8485	5	4	3	6485
0.849	3	3	3	5368
0.849	5	4	3	6485
0.8495	3	3	3	5368
0.8495	5	4	3	6485
0.85	3	3	3	5368
0.85	5	4	3	6485
0.8505	3	3	3	5368
0.8505	5	4	3	6485
0.851	3	3	3	5368
0.851	5	4	3	6485
0.8515	3	3	3	5368
0.8515	5	4	3	6485
0.852	3	3	3	5368
0.852	5	4	3	6485
0.8525	3	3	3	5368
0.8525	5	4	3	6485
0.853	3	3	3	5368
0.853	5	4	3	5946
0.8535	3	3	3	5368
0.8535	5	4	3	5946
0.854	3	3	3	5368
0.854	5	4	3	6485
0.8545	3	3	3	4923
0.8545	5	4	3	6485
0.855	3	3	3	5368
0.855	5	4	3	5946
0.8555	3	3	3	5368
0.8555	5	4	3	6485
0.856	3	3	3	5368
0.856	5	4	3	6485
0.8565	3	3	3	1609
0.8565	5	4	3	6485
0.857	5	4	3	6485
0.8575	5	4	3	6485
0.858	5	4	3	6485
0.8585	5	4	3	6485
0.859	5	4	3	6485
0.8595	5	4	3	6485
0.86	5	4	3	6485
0.8605	5	4	3	6485
0.861	5	4	3	6485
0.8615	5	4	3	6485
0.862	5	4	3	6485
0.8625	5	4	3	6485
0.863	5	4	3	6485
0.8635	5	4	3	5946
0.864	5	4	3	6485
0.8645	5	4	3	6485
0.865	5	4	3	6485
0.8655	5	4	3	6485
0.866	5	4	3	6485
0.8665	5	4	3	4024
0.904	5	5	3	6485
0.9045	5	5	3	6485
0.905	5	5	3	6485
0.9055	5	5	3	6485
0.906	5	5	3	6485
0.9065	5	5	3	6485
0.907	5	5	3	6485
0.9075	5	5	3	6485
0.908	5	5	3	6485
0.9085	5	5	3	5946
0.909	5	5	3	6485
0.9095	5	5	3	6485
0.91	5	5	3	5946
0.9105	5	5	3	5946
0.911	5	5	3	6485
0.9115	5	5	3	6485
0.912	5	5	3	6485
0.9125	5	5	3	6485
0.913	5	5	3	6485
0.9135	5	5	3	6485
0.914	5	5	3	6485
0.9145	5	5	3	6485
0.915	5	5	3	6485
0.9155	5	5	3	6485
0.916	5	5	3	6485
0.9165	5	5	3	6485
0.917	5	5	3	6485
0.9175	5	5	3	6485
0.918	5	5	3	6485
0.9185	5	5	3	6485
0.919	5	5	3	6485
0.9195	5	5	3	6485
0.92	5	5	3	6485
0.9205	5	5	3	6485
0.921	5	5	3	6485
0.9215	5	5	3	6485
0.922	5	5	3	6485
0.9225	5	5	3	6485
0.923	5	5	3	6485
0.9235	5	5	3	6485
0.924	5	5	3	6485
0.9245	5	5	3	5946
0.925	5	5	3	6485
0.9255	5	5	3	5946
0.926	5	5	3	6485
0.9265	5	5	3	6485
0.927	5	5	3	5946
0.9275	5	5	3	6485
0.928	5	5	3	6485
0.9285	5	5	3	6485
0.929	5	5	3	6485
0.9295	1	2	3	5368
0.9295	5	5	3	6485
0.93	1	2	3	5368
0.93	5	5	3	6485
0.9305	1	2	3	5368
0.9305	5	5	3	6485
0.931	1	2	3	5368
0.931	5	5	3	6485
0.9315	1	2	3	5368
0.9315	5	5	3	6485
0.932	1	2	3	4923
0.932	5	5	3	6485
0.9325	1	2	3	4923
0.9325	5	5	3	6485
0.933	5	5	3	5946
0.9335	5	5	3	5946
0.934	1	2	3	5368
0.934	5	5	3	6485
0.9345	1	2	3	4923
0.9345	5	5	3	6485
0.935	1	2	3	5368
0.935	5	5	3	5946
0.9355	1	2	3	5368
0.9355	5	5	3	6485
0.936	1	2	3	5368
0.936	5	5	3	6485
0.9365	5	5	3	6485
0.937	1	2	3	5368
0.937	5	5	3	6485
0.9375	5	5	3	6485
0.938	1	2	3	5368
0.938	5	5	3	6485
0.9385	1	2	3	5368
0.9385	5	5	3	6485
0.939	1	2	3	5368
0.939	5	5	3	6485
0.9395	1	2	3	5368
0.9395	5	5	3	6485
0.94	1	2	3	5368
0.94	5	5	3	6485
0.9405	1	2	3	5368
0.9405	5	5	3	6485
0.941	1	2	3	5368
0.941	5	5	3	6485
0.9415	5	5	3	6485
0.942	1	2	3	4923
0.942	5	5	3	6485
0.9425	5	5	3	6485
0.943	5	5	3	6485
0.9435	1	2	3	5368
0.9435	5	5	3	5946
0.944	1	2	3	5368
0.944	5	5	3	6485
0.9445	1	2	3	5368
0.9445	5	5	3	4024
0.945	1	2	3	5368
0.9455	1	2	3	5368
0.946	1	2	3	4923
0.9465	1	2	3	5368
0.947	1	2	3	5368
0.948	1	2	3	5368
0.9485	1	2	3	5368
0.9495	1	2	3	5368
0.95	1	2	3	5368
0.9505	1	2	3	5368
0.951	1	2	3	5368
0.9515	1	2	3	5368
0.952	1	2	3	5368
0.9525	1	2	3	5368
0.953	1	2	3	5368
0.9535	1	2	3	5368
0.954	1	2	3	5368
0.9545	1	2	3	5368
0.955	1	2	3	5368
0.9555	1	2	3	5368
0.956	1	2	3	4923
0.9565	1	2	3	4923
0.958	1	2	3	5368
0.9585	1	2	3	5368
0.959	1	2	3	5368
0.9595	1	2	3	5368
0.96	1	2	3	5368
0.9605	1	2	3	5368
0.961	1	2	3	5368
0.9615	1	2	3	4923
0.964	1	2	3	5368
0.9645	1	2	3	5368
0.965	1	2	3	4923
0.9655	1	2	3	5368
0.966	1	2	3	5368
0.9665	1	2	3	5368
0.9675	1	2	3	5368
0.968	1	2	3	5368
0.9685	1	2	3	4923
0.9695	1	2	3	5368
0.9705	1	2	3	5368
0.971	1	2	3	5368
0.9715	1	2	3	5368
0.972	1	2	3	4923
0.9725	1	2	3	4923
0.9735	1	2	3	5368
0.9745	1	2	3	4923
0.975	1	2	3	5368
0.9755	1	2	3	5368
0.976	1	2	3	5368
0.9765	1	2	3	5368
0.977	1	2	3	5368
0.9785	1	2	3	5368
0.979	1	2	3	5368
0.9795	1	2	3	5368
0.98	1	2	3	5368
0.9805	1	2	3	5368
0.9815	1	2	3	5368
0.982	1	2	3	4923
0.9825	1	2	3	5368
0.983	1	2	3	5368
0.9835	1	2	3	5368
0.984	1	2	3	5368
0.9845	1	2	3	5368
0.985	1	2	3	5368
0.986	1	2	3	4923
0.9865	1	2	3	5368
0.987	1	2	3	5368
0.9875	1	2	3	5368
0.988	1	2	3	5368
0.9885	1	2	3	5368
0.989	1	2	3	5368
0.9895	1	2	3	5368
0.99	1	2	3	5368
0.9905	1	2	3	4572
1.014	5	11	3	6485
1.0145	5	11	3	6485
1.015	5	11	3	5946
1.0155	5	11	3	6485
1.016	5	11	3	6485
1.0165	5	11	3	6485
1.017	5	11	3	6485
1.0175	5	11	3	6485
1.018	5	11	3	6485
1.0185	5	11	3	6485
1.019	5	11	3	6485
1.0195	5	11	3	6485
1.02	5	11	3	6485
1.0205	5	11	3	6485
1.021	5	11	3	6485
1.0215	5	11	3	6485
1.022	5	11	3	6485
1.0225	5	11	3	6485
1.023	5	11	3	6485
1.0235	5	11	3	5946
1.024	5	11	3	6485
1.0245	5	11	3	6485
1.025	5	11	3	6485
1.0255	5	11	3	6485
1.026	5	11	3	6485
1.0265	5	11	3	6485
1.027	5	11	3	6485
1.0275	5	11	3	6485
1.028	5	11	3	6485
1.0285	5	11	3	5946
1.029	5	11	3	6485
1.0295	5	11	3	6485
1.03	5	11	3	5946
1.0305	5	11	3	5946
1.031	5	11	3	6485
1.0315	5	11	3	6485
1.032	5	11	3	6485
1.0325	5	11	3	6485
1.033	5	11	3	6485
1.0335	5	11	3	6485
1.034	5	11	3	6485
1.0345	5	11	3	6485
1.035	5	11	3	6485
1.0355	5	11	3	6485
1.036	5	11	3	6485
1.0365	5	11	3	6485
1.037	5	11	3	6485
1.0375	5	11	3	6485
1.038	5	11	3	6485
1.0385	5	11	3	6485
1.039	5	11	3	6485
1.0395	5	11	3	6485
1.04	5	11	3	6485
1.0405	5	11	3	6485
1.041	5	11	3	6485
1.0415	5	11	3	6485
1.042	5	11	3	6485
1.0425	5	11	3	6485
1.043	5	11	3	6485
1.0435	5	11	3	6485
1.044	5	11	3	6485
1.0445	5	11	3	5946
1.045	5	11	3	6485
1.0455	5	11	3	5946
1.046	5	11	3	6485
1.0465	5	11	3	6485
1.047	5	11	3	5946
1.0475	5	11	3	6485
1.048	5	11	3	6485
1.0485	5	11	3	6485
1.049	5	11	3	6485
1.0495	5	11	3	6485
1.05	5	11	3	6485
1.0505	5	11	3	6485
1.051	5	11	3	6485
1.0515	5	11	3	6485
1.052	5	11	3	6485
1.0525	5	11	3	6485
1.053	5	11	3	5946
1.0535	5	11	3	5946
1.054	5	11	3	6485
1.0545	5	11	3	4024
1.0895	1	3	3	3398
1.09	1	3	3	3398
1.0905	1	3	3	3398
1.091	1	3	3	3398
1.0915	1	3	3	3398
1.092	1	3	3	3117
1.0925	1	3	3	3117
1.093	1	3	3	3398
1.0935	1	3	3	3398
1.094	1	3	3	3398
1.0945	1	3	3	3117
1.095	1	3	3	3398
1.0955	1	3	3	3398
1.096	1	3	3	3398
1.0965	1	3	3	3398
1.097	1	3	3	3398
1.0975	1	3	3	3398
1.098	1	3	3	3398
1.0985	1	3	3	3398
1.099	1	3	3	3398
1.0995	1	3	3	3398
1.1	1	3	3	3398
1.1005	1	3	3	3398
1.101	1	3	3	3398
1.1015	1	3	3	3398
1.102	1	3	3	3117
1.1025	1	3	3	3398
1.103	1	3	3	3398
1.1035	1	3	3	3398
1.104	1	3	3	3398
1.1045	1	3	3	3398
1.105	1	3	3	3398
1.1055	1	3	3	3398
1.106	1	3	3	3117
1.1065	1	3	3	3398
1.107	1	3	3	3398
1.1075	1	3	3	3398
1.108	1	3	3	3398
1.1085	1	3	3	3398
1.109	1	3	3	3398
1.1095	1	3	3	3398
1.11	1	3	3	3398
1.1105	1	3	3	3398
1.111	1	3	3	3398
1.1115	1	3	3	3398
1.112	1	3	3	3398
1.1125	1	3	3	3398
1.113	1	3	3	3398
1.1135	1	3	3	3398
1.114	1	3	3	3398
1.1145	1	3	3	3398
1.115	1	3	3	3398
1.1155	1	3	3	3398
1.116	1	3	3	3117
1.1165	1	3	3	3117
1.117	1	3	3	3398
1.1175	1	3	3	3398
1.118	1	3	3	3398
1.1185	1	3	3	3398
1.119	1	3	3	3398
1.1195	1	3	3	3398
1.12	1	3	3	3398
1.1205	1	3	3	3398
1.121	1	3	3	3398
1.1215	1	3	3	3117
1.122	1	3	3	3398
1.1225	1	3	3	3398
1.123	1	3	3	3398
1.1235	1	3	3	3398
1.124	1	3	3	3398
1.1245	1	3	3	3398
1.125	1	3	3	3117
1.1255	1	3	3	3398
1.126	1	3	3	3398
1.1265	1	3	3	3398
1.127	1	3	3	3398
1.1275	1	3	3	3398
1.128	1	3	3	3398
1.1285	1	3	3	3117
1.129	1	3	3	3398
1.1295	1	3	3	3398
1.13	1	3	3	3398
1.1305	1	3	3	3398
1.131	1	3	3	3398
1.1315	1	3	3	3398
1.132	1	3	3	3117
1.1325	1	3	3	3117
1.133	1	3	3	3398
1.1335	1	3	3	3398
1.134	1	3	3	3398
1.1345	1	3	3	3117
1.135	1	3	3	3398
1.1355	1	3	3	3398
1.136	1	3	3	3398
1.1365	1	3	3	3398
1.137	1	3	3	3398
1.1375	1	3	3	3398
1.138	1	3	3	3398
1.1385	1	3	3	3398
1.139	1	3	3	3398
1.1395	1	3	3	3398
1.14	1	3	3	3398
1.1405	1	3	3	3398
1.141	1	3	3	3398
1.1415	1	3	3	3398
1.142	1	3	3	3117
1.1425	1	3	3	3398
1.143	1	3	3	3398
1.1435	1	3	3	3398
1.144	1	3	3	3398
1.1445	1	3	3	3398
1.145	1	3	3	3398
1.1455	1	3	3	3398
1.146	1	3	3	3117
1.1465	1	3	3	3398
1.147	1	3	3	3398
1.1475	1	3	3	3398
1.148	1	3	3	3398
1.1485	1	3	3	3398
1.149	1	3	3	3398
1.1495	1	3	3	3398
1.15	1	3	3	3398
1.1505	1	3	3	3398
1.151	1	3	3	3398
1.1515	1	3	3	3398
1.152	1	3	3	3398
1.1525	1	3	3	3398
1.153	1	3	3	3398
1.1535	1	3	3	3398
1.154	1	3	3	3398
1.1545	1	3	3	3398
1.155	1	3	3	3398
1.1555	1	3	3	3398
1.156	1	3	3	3117
1.1565	1	3	3	3117
1.157	1	3	3	3398
1.1575	1	3	3	3398
1.158	1	3	3	3398
1.1585	1	3	3	3398
1.159	1	3	3	3398
1.1595	1	3	3	3398
1.16	1	3	3	3398
1.1605	1	3	3	3398
1.161	1	3	3	3398
1.1615	1	3	3	3117
1.162	1	3	3	3398
1.1625	1	3	3	3398
1.163	1	3	3	3398
1.1635	1	3	3	3398
1.164	1	3	3	3398
1.1645	1	3	3	3398
1.165	1	3	3	3117
1.1655	1	3	3	3398
1.166	1	3	3	3398
1.1665	1	3	3	3398
1.167	1	3	3	2724
1.168	5	12	3	6485
1.1685	5	12	3	6485
1.169	5	12	3	6485
1.1695	5	12	3	6485
1.17	5	12	3	6485
1.1705	5	12	3	6485
1.171	5	12	3	6485
1.1715	5	12	3	6485
1.172	5	12	3	6485
1.1725	5	12	3	6485
1.173	5	12	3	5946
1.1735	5	12	3	5946
1.174	5	12	3	6485
1.1745	5	12	3	6485
1.175	5	12	3	5946
1.1755	5	12	3	6485
1.176	5	12	3	6485
1.1765	5	12	3	6485
1.177	5	12	3	6485
1.1775	5	12	3	6485
1.178	5	12	3	6485
1.1785	5	12	3	6485
1.179	5	12	3	6485
1.1795	5	12	3	6485
1.18	5	12	3	6485
1.1805	5	12	3	6485
1.181	5	12	3	6485
1.1815	5	12	3	6485
1.182	5	12	3	6485
1.1825	5	12	3	6485
1.183	5	12	3	6485
1.1835	5	12	3	5946
1.184	5	12	3	6485
1.1845	5	12	3	6485
1.185	5	12	3	6485
1.1855	5	12	3	6485
1.186	5	12	3	6485
1.1865	5	12	3	6485
1.187	5	12	3	6485
1.1875	5	12	3	6485
1.188	5	12	3	6485
1.1885	5	12	3	5946
1.189	5	12	3	6485
1.1895	5	12	3	6485
1.19	5	12	3	5946
1.1905	5	12	3	5946
1.191	5	12	3	6485
1.1915	5	12	3	6485
1.192	5	12	3	6485
1.1925	5	12	3	6485
1.193	5	12	3	6485
1.1935	5	12	3	6485
1.194	5	12	3	6485
1.1945	5	12	3	6485
1.195	5	12	3	6485
1.1955	5	12	3	6485
1.196	5	12	3	6485
1.1965	5	12	3	6485
1.197	5	12	3	6485
1.1975	5	12	3	6485
1.198	5	12	3	6485
1.1985	5	12	3	6485
1.199	5	12	3	6485
1.1995	5	12	3	6485
1.2	5	12	3	6485
1.2005	5	12	3	6485
1.201	5	12	3	6485
1.2015	5	12	3	6485
1.202	5	12	3	6485
1.2025	5	12	3	6485
1.203	5	12	3	6485
1.2035	5	12	3	6485
1.204	5	12	3	6485
1.2045	5	12	3	5946
1.205	5	12	3	6485
1.2055	5	12	3	5946
1.206	5	12	3	6485
1.2065	5	12	3	6485
1.207	5	12	3	5946
1.2075	5	12	3	6485
1.208	5	12	3	6485
1.2085	5	12	3	4024
1.219	5	13	3	6485
1.2195	5	13	3	6485
1.22	5	13	3	6485
1.2205	5	13	3	6485
1.221	5	13	3	6485
1.2215	5	13	3	6485
1.222	5	13	3	6485
1.2225	5	13	3	6485
1.223	5	13	3	6485
1.2235	5	13	3	5946
1.224	5	13	3	6485
1.2245	5	13	3	6485
1.225	5	13	3	6485
1.2255	5	13	3	6485
1.226	5	13	3	6485
1.2265	5	13	3	6485
1.227	5	13	3	6485
1.2275	5	13	3	6485
1.228	5	13	3	6485
1.2285	5	13	3	5946
1.229	5	13	3	6485
1.2295	5	13	3	6485
1.23	5	13	3	5946
1.2305	5	13	3	5946
1.231	5	13	3	6485
1.2315	5	13	3	6485
1.232	5	13	3	6485
1.2325	5	13	3	6485
1.233	5	13	3	6485
1.2335	5	13	3	6485
1.234	5	13	3	6485
1.2345	5	13	3	6485
1.235	5	13	3	6485
1.2355	5	13	3	6485
1.236	5	13	3	6485
1.2365	5	13	3	6485
1.237	5	13	3	6485
1.2375	5	13	3	6485
1.238	5	13	3	6485
1.2385	5	13	3	6485
1.239	5	13	3	6485
1.2395	5	13	3	6485
1.24	5	13	3	6485
1.2405	5	13	3	6485
1.241	5	13	3	6485
1.2415	5	13	3	6485
1.242	5	13	3	6485
1.2425	5	13	3	6485
1.243	5	13	3	6485
1.2435	5	13	3	6485
1.244	5	13	3	6485
1.2445	1	4	3	6485
1.2445	5	13	3	5946
1.245	1	4	3	5946
1.245	5	13	3	6485
1.2455	1	4	3	6485
1.2455	5	13	3	5946
1.246	1	4	3	6485
1.246	5	13	3	6485
1.2465	1	4	3	6485
1.2465	5	13	3	6485
1.247	1	4	3	6485
1.247	5	13	3	5946
1.2475	1	4	3	6485
1.2475	5	13	3	6485
1.248	1	4	3	6485
1.248	5	13	3	6485
1.2485	1	4	3	5946
1.2485	5	13	3	6485
1.249	1	4	3	6485
1.249	5	13	3	6485
1.2495	1	4	3	6485
1.2495	5	13	3	6485
1.25	1	4	3	6485
1.25	5	13	3	6485
1.2505	1	4	3	6485
1.2505	5	13	3	6485
1.251	1	4	3	6485
1.251	5	13	3	6485
1.2515	1	4	3	6485
1.2515	5	13	3	6485
1.252	1	4	3	5946
1.252	5	13	3	6485
1.2525	1	4	3	5946
1.2525	5	13	3	6485
1.253	1	4	3	6485
1.253	5	13	3	5946
1.2535	1	4	3	6485
1.2535	5	13	3	5946
1.254	1	4	3	6485
1.254	5	13	3	6485
1.2545	1	4	3	5946
1.2545	5	13	3	6485
1.255	1	4	3	6485
1.255	5	13	3	5946
1.2555	1	4	3	6485
1.2555	5	13	3	6485
1.256	1	4	3	6485
1.256	5	13	3	6485
1.2565	1	4	3	6485
1.2565	5	13	3	6485
1.257	1	4	3	6485
1.257	5	13	3	6485
1.2575	1	4	3	6485
1.2575	5	13	3	6485
1.258	1	4	3	6485
1.258	5	13	3	6485
1.2585	1	4	3	6485
1.2585	5	13	3	6485
1.259	1	4	3	6485
1.259	5	13	3	6485
1.2595	1	4	3	6485
1.2595	5	13	3	4024
1.26	1	4	3	6485
1.2605	1	4	3	6485
1.261	1	4	3	6485
1.2615	1	4	3	6485
1.262	1	4	3	5946
1.2625	1	4	3	6485
1.263	1	4	3	6485
1.2635	1	4	3	6485
1.264	1	4	3	6485
1.2645	1	4	3	6485
1.265	1	4	3	6485
1.2655	1	4	3	6485
1.266	1	4	3	5946
1.2665	1	4	3	6485
1.267	1	4	3	6485
1.2675	1	4	3	6485
1.268	1	4	3	6485
1.2685	1	4	3	6485
1.269	1	4	3	6485
1.2695	1	4	3	6485
1.27	1	4	3	6485
1.2705	1	4	3	6485
1.271	1	4	3	6485
1.2715	1	4	3	6485
1.272	1	4	3	6485
1.2725	1	4	3	6485
1.273	1	4	3	6485
1.2735	1	4	3	6485
1.274	1	4	3	6485
1.2745	1	4	3	6485
1.275	1	4	3	6485
1.2755	1	4	3	6485
1.276	1	4	3	5946
1.2765	1	4	3	5946
1.277	1	4	3	6485
1.2775	1	4	3	6485
1.278	1	4	3	6485
1.2785	1	4	3	6485
1.279	1	4	3	6485
1.2795	1	4	3	6485
1.28	1	4	3	6485
1.2805	1	4	3	6485
1.281	1	4	3	6485
1.2815	1	4	3	5946
1.282	1	4	3	6485
1.2825	1	4	3	6485
1.283	1	4	3	6485
1.2835	1	4	3	6485
1.284	1	4	3	6485
1.2845	1	4	3	6485
1.285	1	4	3	4024
1.3775	1	5	3	203
1.378	1	5	3	203
1.3785	1	5	3	203
1.379	1	5	3	203
1.3795	1	5	3	203
1.38	1	5	3	203
1.3805	1	5	3	6485
1.381	1	5	3	6485
1.3815	1	5	3	6485
1.382	1	5	3	5946
1.3825	1	5	3	6485
1.383	1	5	3	6485
1.3835	1	5	3	6485
1.384	1	5	3	6485
1.3845	1	5	3	6485
1.385	1	5	3	6485
1.3855	1	5	3	6485
1.386	1	5	3	5946
1.3865	1	5	3	6485
1.387	1	5	3	6485
1.3875	1	5	3	6485
1.388	1	5	3	6485
1.3885	1	5	3	6485
1.389	1	5	3	6485
1.3895	1	5	3	6485
1.39	1	5	3	6485
1.3905	1	5	3	6485
1.391	1	5	3	6485
1.3915	1	5	3	6485
1.392	1	5	3	6485
1.3925	1	5	3	6485
1.393	1	5	3	6485
1.3935	1	5	3	6485
1.394	1	5	3	6485
1.3945	1	5	3	6485
1.395	1	5	3	6485
1.3955	1	5	3	6485
1.396	1	5	3	5946
1.3965	1	5	3	5946
1.397	1	5	3	6485
1.3975	1	5	3	6485
1.398	1	5	3	6485
1.3985	1	5	3	6485
1.399	1	5	3	6485
1.3995	1	5	3	6485
1.4	1	5	3	6485
1.4005	1	5	3	6485
1.401	1	5	3	6485
1.4015	1	5	3	5946
1.402	1	5	3	6485
1.4025	1	5	3	6485
1.403	1	5	3	6485
1.4035	1	5	3	6485
1.404	1	5	3	6485
1.4045	1	5	3	6485
1.405	1	5	3	5946
1.4055	1	5	3	6485
1.406	1	5	3	6485
1.4065	1	5	3	6485
1.407	1	5	3	6485
1.4075	1	5	3	6485
1.408	1	5	3	6485
1.4085	1	5	3	5946
1.409	1	5	3	6485
1.4095	1	5	3	6485
1.41	1	5	3	6485
1.4105	1	5	3	6485
1.411	1	5	3	6485
1.4115	1	5	3	6485
1.412	1	5	3	5946
1.4125	1	5	3	5946
1.413	1	5	3	6485
1.4135	1	5	3	6485
1.414	1	5	3	6485
1.4145	1	5	3	5946
1.415	1	5	3	6485
1.4155	1	5	3	6485
1.416	1	5	3	6485
1.4165	1	5	3	6485
1.417	1	5	3	6485
1.4175	1	5	3	6485
1.418	1	5	3	6485
1.4185	1	5	3	6485
1.419	1	5	3	6485
1.4195	1	5	3	6485
1.42	1	5	3	6485
1.4205	1	5	3	6485
1.421	1	5	3	2819
1.544	3	4	3	186
1.5445	3	4	3	203
1.545	3	4	3	203
1.5455	3	4	3	203
1.546	3	4	3	203
1.5465	3	4	3	203
1.547	3	4	3	6485
1.5475	3	4	3	6485
1.548	3	4	3	6485
1.5485	3	4	3	6485
1.549	3	4	3	6485
1.5495	3	4	3	5946
1.55	3	4	3	6485
1.5505	3	4	3	6485
1.551	3	4	3	6485
1.5515	3	4	3	6485
1.552	3	4	3	6485
1.5525	3	4	3	5946
1.553	3	4	3	5946
1.5535	3	4	3	6485
1.554	3	4	3	6485
1.5545	3	4	3	6485
1.555	3	4	3	6485
1.5555	3	4	3	6485
1.556	3	4	3	6485
1.5565	3	4	3	6485
1.557	3	4	3	5946
1.5575	3	4	3	6485
1.558	3	4	3	5946
1.5585	3	4	3	6485
1.559	3	4	3	6485
1.5595	3	4	3	6485
1.56	3	4	3	6485
1.5605	3	4	3	5946
1.561	3	4	3	6485
1.5615	3	4	3	6485
1.562	3	4	3	6485
1.5625	3	4	3	6485
1.563	3	4	3	6485
1.5635	3	4	3	6485
1.564	3	4	3	6485
1.5645	3	4	3	6485
1.565	3	4	3	6485
1.5655	3	4	3	5946
1.566	3	4	3	6485
1.5665	3	4	3	6485
1.567	3	4	3	6485
1.5675	3	4	3	6485
1.568	3	4	3	6485
1.5685	3	4	3	6485
1.569	3	4	3	6485
1.5695	3	4	3	6485
1.57	3	4	3	6485
1.5705	3	4	3	6485
1.571	3	4	3	6485
1.5715	3	4	3	6485
1.572	3	4	3	6485
1.5725	3	4	3	6485
1.573	3	4	3	6485
1.5735	3	4	3	6485
1.574	3	4	3	6485
1.5745	3	4	3	5946
1.575	3	4	3	6485
1.5755	3	4	3	6485
1.576	3	4	3	6485
1.5765	3	4	3	6485
1.577	3	4	3	6485
1.5775	3	4	3	6485
1.578	3	4	3	6485
1.5785	3	4	3	5946
1.579	3	4	3	6485
1.5795	3	4	3	6485
1.58	3	4	3	6485
1.5805	3	4	3	6485
1.581	3	4	3	6485
1.5815	3	4	3	6485
1.582	3	4	3	6485
1.5825	3	4	3	6485
1.583	3	4	3	6485
1.5835	3	4	3	6485
1.584	3	4	3	5946
1.5845	3	4	3	6485
1.585	3	4	3	6485
1.5855	3	4	3	6485
1.586	3	4	3	6485
1.5865	3	4	3	6485
1.587	3	4	3	6485
1.5875	3	4	3	2836
1.6085	3	5	3	203
1.609	3	5	3	203
1.6095	3	5	3	203
1.61	3	5	3	203
1.6105	3	5	3	203
1.611	3	5	3	203
1.6115	3	5	3	2876
1.612	3	5	3	2876
1.6125	3	5	3	2876
1.613	3	5	3	2876
1.6135	3	5	3	2876
1.614	3	5	3	2876
1.6145	3	5	3	2636
1.615	3	5	3	2876
1.6155	3	5	3	2876
1.616	3	5	3	2876
1.6165	3	5	3	2876
1.617	3	5	3	2876
1.6175	3	5	3	2876
1.618	3	5	3	2876
1.6185	3	5	3	2636
1.619	3	5	3	2876
1.6195	3	5	3	2876
1.62	3	5	3	2876
1.6205	3	5	3	2876
1.621	3	5	3	2876
1.6215	3	5	3	2876
1.622	3	5	3	2876
1.6225	3	5	3	1436
1.6225	3	6	3	98
1.623	3	5	3	1436
1.623	3	6	3	98
1.6235	3	5	3	1436
1.6235	3	6	3	98
1.624	3	5	3	1196
1.624	3	6	3	98
1.6245	3	5	3	1436
1.6245	3	6	3	98
1.625	3	5	3	1436
1.625	3	6	3	98
1.6255	3	5	3	1436
1.6255	3	6	3	2684
1.626	3	5	3	1436
1.626	3	6	3	2684
1.6265	3	5	3	1436
1.6265	3	6	3	2684
1.627	3	5	3	1436
1.627	3	6	3	2684
1.6275	3	5	3	1436
1.6275	3	6	3	2684
1.628	3	5	3	1436
1.628	3	6	3	2684
1.6285	3	5	3	1436
1.6285	3	6	3	2684
1.629	3	5	3	1436
1.629	3	6	3	2684
1.6295	3	5	3	1436
1.6295	3	6	3	2235
1.63	3	5	3	1436
1.63	3	6	3	2684
1.6305	3	5	3	1436
1.631	3	5	3	1436
1.631	3	6	3	2684
1.6315	3	5	3	1436
1.6315	3	6	3	2684
1.632	3	5	3	1677
1.6325	3	5	3	1196
1.6325	3	6	3	2684
1.633	3	5	3	1436
1.633	3	6	3	2235
1.6335	3	5	3	1436
1.6335	3	6	3	2684
1.634	3	5	3	1436
1.634	3	6	3	2684
1.6345	3	5	3	1436
1.6345	3	6	3	2684
1.635	3	5	3	1436
1.635	3	6	3	2684
1.6355	3	5	3	1677
1.636	3	5	3	1436
1.636	3	6	3	2684
1.6365	3	5	3	1436
1.6365	3	6	3	2684
1.637	3	5	3	1196
1.637	3	6	3	2684
1.6375	3	5	3	1436
1.6375	3	6	3	2684
1.638	3	5	3	1436
1.638	3	6	3	2235
1.6385	3	5	3	1436
1.6385	3	6	3	2684
1.639	3	5	3	1436
1.639	3	6	3	2684
1.6395	3	5	3	1436
1.64	3	5	3	1436
1.6405	3	5	3	1196
1.6405	3	6	3	2684
1.641	3	5	3	1436
1.6415	3	5	3	1436
1.6415	3	6	3	2684
1.642	3	5	3	1436
1.642	3	6	3	2684
1.6425	3	5	3	1436
1.6425	3	6	3	2684
1.643	3	5	3	1436
1.6435	3	5	3	1436
1.6435	3	6	3	2684
1.644	3	5	3	1436
1.644	3	6	3	2684
1.6445	3	5	3	1436
1.6445	3	6	3	2684
1.645	3	5	3	1436
1.645	3	6	3	2684
1.6455	3	5	3	1196
1.6455	3	6	3	2684
1.646	3	5	3	1436
1.646	3	6	3	2684
1.6465	3	5	3	1436
1.6465	3	6	3	2684
1.647	3	5	3	1436
1.647	3	6	3	2684
1.6475	3	5	3	1436
1.6475	3	6	3	2684
1.648	3	5	3	1436
1.648	3	6	3	2684
1.6485	3	5	3	1436
1.6485	3	6	3	2684
1.649	3	5	3	1436
1.649	3	6	3	2684
1.6495	3	5	3	1436
1.65	3	5	3	1436
1.65	3	6	3	2684
1.6505	3	5	3	1436
1.6505	3	6	3	2684
1.651	3	5	3	1436
1.651	3	6	3	2684
1.6515	3	5	3	1436
1.6515	3	6	3	2684
1.652	3	5	3	1436
1.652	3	6	3	2684
1.6525	3	5	3	1436
1.653	3	5	3	1436
1.653	3	6	3	2684
1.6535	3	5	3	1436
1.6535	3	6	3	2684
1.654	3	5	3	1436
1.654	3	6	3	2684
1.6545	3	5	3	1196
1.6545	3	6	3	2684
1.655	3	5	3	1436
1.655	3	6	3	2684
1.6555	3	5	3	1436
1.6555	3	6	3	2684
1.656	3	5	3	1436
1.656	3	6	3	2684
1.6565	3	5	3	1436
1.6565	3	6	3	2684
1.657	3	5	3	1436
1.6575	3	5	3	1436
1.658	3	5	3	1436
1.658	3	6	3	2684
1.6585	3	5	3	1196
1.6585	3	6	3	2684
1.659	3	5	3	1436
1.659	3	6	3	2684
1.6595	3	5	3	1436
1.6595	3	6	3	2684
1.66	3	5	3	1436
1.66	3	6	3	2684
1.6605	3	5	3	1436
1.6605	3	6	3	2684
1.661	3	5	3	1436
1.661	3	6	3	2684
1.6615	3	5	3	1436
1.6615	3	6	3	2684
1.662	3	5	3	1436
1.6625	3	5	3	1436
1.6625	3	6	3	2684
1.663	3	5	3	1436
1.663	3	6	3	2684
1.6635	3	5	3	1436
1.664	3	5	3	1196
1.664	3	6	3	2684
1.6645	3	5	3	1436
1.6645	3	6	3	2684
1.665	3	5	3	1436
1.665	3	6	3	2684
1.6655	3	5	3	1436
1.6655	3	6	3	2684
1.666	3	5	3	1436
1.666	3	6	3	2684
1.6665	3	5	3	1436
1.6665	3	6	3	2684
1.667	3	5	3	1436
1.667	3	6	3	2684
1.6675	3	5	3	1436
1.6675	3	6	3	2684
1.668	3	5	3	1436
1.668	3	6	3	2684
1.6685	3	5	3	1436
1.6685	3	6	3	2684
1.669	3	5	3	1436
1.669	3	6	3	2684
1.6695	3	5	3	1436
1.6695	3	6	3	2235
1.67	3	5	3	1436
1.67	3	6	3	2684
1.6705	3	5	3	1436
1.6705	3	6	3	2684
1.671	3	5	3	1436
1.671	3	6	3	2684
1.6715	3	5	3	1436
1.6715	3	6	3	2684
1.672	3	5	3	1436
1.672	3	6	3	2684
1.6725	3	5	3	1196
1.673	3	5	3	1196
1.673	3	6	3	2684
1.6735	3	5	3	1436
1.6735	3	6	3	2684
1.674	3	5	3	1436
1.674	3	6	3	2684
1.6745	3	5	3	1436
1.6745	3	6	3	2684
1.675	3	5	3	1436
1.675	3	6	3	2684
1.6755	3	5	3	1436
1.6755	3	6	3	2684
1.676	3	5	3	1436
1.676	3	6	3	2684
1.6765	3	5	3	1436
1.677	3	5	3	1196
1.677	3	6	3	2684
1.6775	3	5	3	1436
1.6775	3	6	3	2684
1.678	3	5	3	1436
1.678	3	6	3	2235
1.6785	3	5	3	1436
1.6785	3	6	3	2684
1.679	3	5	3	1436
1.679	3	6	3	2684
1.6795	3	5	3	1436
1.6795	3	6	3	2684
1.68	3	5	3	1436
1.68	3	6	3	2684
1.6805	3	5	3	1436
1.681	3	5	3	1436
1.681	3	6	3	2684
1.6815	3	5	3	1436
1.6815	3	6	3	2684
1.682	3	5	3	1436
1.682	3	6	3	2684
1.6825	3	5	3	1436
1.6825	3	6	3	2684
1.683	3	5	3	1436
1.683	3	6	3	2684
1.6835	3	5	3	1436
1.6835	3	6	3	2684
1.684	3	5	3	1436
1.684	3	6	3	2684
1.6845	3	5	3	1436
1.6845	3	6	3	2684
1.685	3	5	3	1436
1.685	3	6	3	2684
1.6855	3	5	3	1196
1.6855	3	6	3	2684
1.686	3	5	3	1436
1.686	3	6	3	2684
1.6865	3	5	3	1436
1.687	3	5	3	1436
1.687	3	6	3	2684
1.6875	3	5	3	1436
1.6875	3	6	3	2684
1.688	3	5	3	1436
1.6885	3	5	3	1436
1.6885	3	6	3	2684
1.689	3	5	3	1436
1.689	3	6	3	2684
1.6895	3	5	3	1436
1.6895	3	6	3	2684
1.69	3	5	3	1436
1.69	3	6	3	2684
1.6905	3	5	3	1436
1.6905	3	6	3	2684
1.691	3	5	3	1436
1.691	3	6	3	2684
1.6915	3	5	3	1436
1.6915	3	6	3	2684
1.692	3	5	3	1436
1.692	3	6	3	2684
1.6925	3	5	3	1436
1.6925	3	6	3	2684
1.693	3	5	3	1436
1.693	3	6	3	2684
1.6935	3	5	3	1436
1.6935	3	6	3	2684
1.694	3	5	3	1436
1.694	3	6	3	2684
1.6945	3	5	3	1196
1.6945	3	6	3	2684
1.695	3	5	3	1436
1.6955	3	5	3	1436
1.696	3	5	3	1436
1.696	3	6	3	2684
1.6965	3	5	3	1436
1.6965	3	6	3	2684
1.697	3	5	3	1436
1.697	3	6	3	2684
1.6975	3	5	3	1436
1.6975	3	6	3	2684
1.698	3	5	3	1436
1.698	3	6	3	2684
1.6985	3	5	3	1196
1.6985	3	6	3	2684
1.699	3	5	3	1436
1.699	3	6	3	2684
1.6995	3	5	3	1436
1.6995	3	6	3	2684
1.7	3	5	3	1436
1.7	3	6	3	2684
1.7005	3	5	3	1436
1.7005	3	6	3	2684
1.701	3	5	3	1436
1.701	3	6	3	2684
1.7015	3	5	3	1436
1.7015	3	6	3	2684
1.702	3	5	3	1436
1.702	3	6	3	2684
1.7025	3	5	3	1436
1.7025	3	6	3	2684
1.703	3	5	3	1436
1.703	3	6	3	2684
1.7035	3	5	3	1436
1.7035	3	6	3	2684
1.704	3	5	3	1436
1.704	3	6	3	2235
1.7045	3	5	3	1436
1.705	3	5	3	1436
1.705	3	6	3	2684
1.7055	3	5	3	1436
1.7055	3	6	3	2684
1.706	3	5	3	1436
1.706	3	6	3	2684
1.7065	3	5	3	1677
1.7065	5	14	3	203
1.707	3	5	3	1436
1.707	3	6	3	2684
1.707	5	14	3	203
1.7075	3	5	3	1436
1.7075	3	6	3	2684
1.7075	5	14	3	203
1.708	3	5	3	1436
1.708	3	6	3	2684
1.708	5	14	3	203
1.7085	3	5	3	1436
1.7085	3	6	3	2684
1.7085	5	14	3	186
1.709	3	5	3	1436
1.709	3	6	3	2684
1.709	5	14	3	203
1.7095	3	5	3	1196
1.7095	3	6	3	2684
1.7095	5	14	3	5998
1.71	3	5	3	1436
1.71	3	6	3	2684
1.71	5	14	3	5497
1.7105	3	5	3	1436
1.7105	3	6	3	2684
1.7105	5	14	3	5497
1.711	3	5	3	1436
1.711	3	6	3	2684
1.711	5	14	3	5998
1.7115	3	5	3	1436
1.7115	3	6	3	2684
1.7115	5	14	3	5998
1.712	3	5	3	1436
1.712	3	6	3	2684
1.712	5	14	3	5998
1.7125	3	5	3	1436
1.7125	3	6	3	2235
1.7125	5	14	3	5998
1.713	3	5	3	1196
1.713	3	6	3	2684
1.713	5	14	3	5998
1.7135	3	5	3	1436
1.7135	3	6	3	2684
1.7135	5	14	3	5998
1.714	3	5	3	1436
1.714	3	6	3	2684
1.714	5	14	3	5998
1.7145	3	5	3	1436
1.7145	3	6	3	2684
1.7145	5	14	3	5998
1.715	3	5	3	1677
1.715	5	14	3	5998
1.7155	3	5	3	1436
1.7155	3	6	3	2684
1.7155	5	14	3	5998
1.716	3	5	3	1436
1.716	3	6	3	2684
1.716	5	14	3	5998
1.7165	3	5	3	1436
1.7165	3	6	3	2684
1.7165	5	14	3	5998
1.717	3	5	3	1196
1.717	3	6	3	2684
1.717	5	14	3	5998
1.7175	3	5	3	1436
1.7175	3	6	3	2684
1.7175	5	14	3	5998
1.718	3	5	3	1436
1.718	3	6	3	2235
1.718	5	14	3	5998
1.7185	3	5	3	1436
1.7185	3	6	3	2684
1.7185	5	14	3	5998
1.719	3	5	3	1436
1.719	3	6	3	2684
1.719	5	14	3	5998
1.7195	3	5	3	1436
1.7195	3	6	3	2684
1.7195	5	14	3	5998
1.72	3	5	3	1436
1.72	3	6	3	2684
1.72	5	14	3	5998
1.7205	3	5	3	1436
1.7205	5	14	3	5998
1.721	3	5	3	1436
1.721	3	6	3	2684
1.721	5	14	3	5998
1.7215	3	5	3	1436
1.7215	3	6	3	2684
1.7215	5	14	3	5998
1.722	3	5	3	1436
1.722	3	6	3	2684
1.722	5	14	3	5998
1.7225	3	5	3	1436
1.7225	3	6	3	2684
1.7225	5	14	3	5998
1.723	3	5	3	1436
1.723	3	6	3	2684
1.723	5	14	3	5998
1.7235	3	5	3	1436
1.7235	5	14	3	5998
1.724	3	5	3	1436
1.724	3	6	3	2684
1.724	5	14	3	5998
1.7245	3	5	3	1436
1.7245	3	6	3	2684
1.7245	5	14	3	5497
1.725	3	5	3	1436
1.725	3	6	3	2684
1.725	5	14	3	5998
1.7255	3	5	3	1196
1.7255	3	6	3	2684
1.7255	5	14	3	5497
1.726	3	5	3	1436
1.726	3	6	3	2684
1.726	5	14	3	5998
1.7265	3	5	3	1436
1.7265	3	6	3	2684
1.7265	5	14	3	5998
1.727	3	5	3	1436
1.727	5	14	3	5497
1.7275	3	5	3	1436
1.7275	3	6	3	2684
1.7275	5	14	3	5998
1.728	3	5	3	1436
1.728	3	6	3	2684
1.728	5	14	3	5998
1.7285	3	5	3	1436
1.7285	3	6	3	2684
1.7285	5	14	3	5998
1.729	3	5	3	1436
1.729	3	6	3	2684
1.729	5	14	3	5998
1.7295	3	5	3	1436
1.7295	3	6	3	2684
1.7295	5	14	3	5998
1.73	3	5	3	1436
1.73	3	6	3	2684
1.73	5	14	3	5998
1.7305	3	5	3	1436
1.7305	3	6	3	2684
1.7305	5	14	3	5998
1.731	3	5	3	1436
1.731	3	6	3	2684
1.731	5	14	3	5998
1.7315	3	5	3	1436
1.7315	3	6	3	2684
1.7315	5	14	3	5998
1.732	3	5	3	1436
1.732	3	6	3	2684
1.732	5	14	3	5998
1.7325	3	5	3	1436
1.7325	3	6	3	2684
1.7325	5	14	3	5998
1.733	3	5	3	1436
1.733	3	6	3	2684
1.733	5	14	3	5497
1.7335	3	5	3	1436
1.7335	3	6	3	2684
1.7335	5	14	3	5497
1.734	3	5	3	1436
1.734	3	6	3	2684
1.734	5	14	3	5998
1.7345	3	5	3	1196
1.7345	3	6	3	2684
1.7345	5	14	3	5998
1.735	3	5	3	1436
1.735	3	6	3	2684
1.735	5	14	3	5497
1.7355	3	5	3	1436
1.7355	3	6	3	2684
1.7355	5	14	3	5998
1.736	3	5	3	1436
1.736	5	14	3	5998
1.7365	3	5	3	1436
1.7365	3	6	3	2684
1.7365	5	14	3	5998
1.737	3	5	3	2155
1.737	3	6	3	1107
1.737	5	14	3	5998
1.7375	3	5	3	2876
1.7375	5	14	3	5998
1.738	3	5	3	2876
1.738	5	14	3	5998
1.7385	3	5	3	2636
1.7385	5	14	3	5998
1.739	3	5	3	2876
1.739	5	14	3	5998
1.7395	3	5	3	2155
1.7395	5	14	3	5998
1.74	3	5	3	2876
1.74	5	14	3	5998
1.7405	3	5	3	2876
1.7405	5	14	3	5998
1.741	3	5	3	2876
1.741	5	14	3	5998
1.7415	3	5	3	2876
1.7415	5	14	3	5998
1.742	3	5	3	2876
1.742	5	14	3	5998
1.7425	3	5	3	2876
1.7425	5	14	3	5998
1.743	3	5	3	2876
1.743	5	14	3	5998
1.7435	3	5	3	2876
1.7435	5	14	3	5497
1.744	3	5	3	2636
1.744	5	14	3	5998
1.7445	3	5	3	2876
1.7445	5	14	3	5998
1.745	3	5	3	2876
1.745	5	14	3	5998
1.7455	3	5	3	2876
1.7455	5	14	3	5998
1.746	3	5	3	2876
1.746	5	14	3	5998
1.7465	3	5	3	2876
1.7465	5	14	3	5998
1.747	3	5	3	2876
1.747	5	14	3	5998
1.7475	3	5	3	2876
1.7475	5	14	3	5998
1.748	3	5	3	2876
1.748	5	14	3	5998
1.7485	3	5	3	2874
1.7485	5	14	3	5497
1.749	3	5	3	2876
1.749	5	14	3	5998
1.7495	3	5	3	2636
1.7495	5	14	3	5998
1.75	3	5	3	2876
1.75	5	14	3	5497
1.7505	3	5	3	2876
1.7505	5	14	3	5497
1.751	3	5	3	2876
1.751	5	14	3	5998
1.7515	3	5	3	2876
1.7515	5	14	3	5998
1.752	3	5	3	2876
1.752	5	14	3	5998
1.7525	3	5	3	2636
1.7525	5	14	3	5998
1.753	3	5	3	2636
1.753	5	14	3	5998
1.7535	3	5	3	2876
1.7535	5	14	3	920
1.754	3	5	3	2876
1.7545	3	5	3	2876
1.755	3	5	3	2876
1.7555	3	5	3	2876
1.756	3	5	3	2876
1.7565	3	5	3	2876
1.757	3	5	3	2636
1.7575	3	5	3	2876
1.758	3	5	3	2636
1.7585	3	5	3	2876
1.759	3	5	3	2876
1.7595	3	5	3	2876
1.76	3	5	3	2876
1.7605	3	5	3	2636
1.761	3	5	3	523
1.87	1	6	3	203
1.8705	1	6	3	203
1.871	1	6	3	203
1.8715	1	6	3	203
1.872	1	6	3	203
1.8725	1	6	3	203
1.873	1	6	3	6485
1.8735	1	6	3	6485
1.874	1	6	3	6485
1.8745	1	6	3	6485
1.875	1	6	3	6485
1.8755	1	6	3	6485
1.876	1	6	3	5946
1.8765	1	6	3	5946
1.877	1	6	3	6485
1.8775	1	6	3	6485
1.878	1	6	3	6485
1.8785	1	6	3	6485
1.879	1	6	3	6485
1.8795	1	6	3	6485
1.88	1	6	3	6485
1.8805	1	6	3	6485
1.881	1	6	3	6485
1.8815	1	6	3	5946
1.882	1	6	3	6485
1.8825	1	6	3	6485
1.883	1	6	3	6485
1.8835	1	6	3	6485
1.884	1	6	3	6485
1.8845	1	6	3	6485
1.885	1	6	3	5946
1.8855	1	6	3	6485
1.886	1	6	3	6485
1.8865	1	6	3	6485
1.887	1	6	3	6485
1.8875	1	6	3	6485
1.888	1	6	3	6485
1.8885	1	6	3	5946
1.889	1	6	3	6485
1.8895	1	6	3	6485
1.89	1	6	3	6485
1.8905	1	6	3	6485
1.891	1	6	3	6485
1.8915	1	6	3	6485
1.892	1	6	3	5946
1.8925	1	6	3	5946
1.893	1	6	3	6485
1.8935	1	6	3	6485
1.894	1	6	3	6485
1.8945	1	6	3	5946
1.895	1	6	3	6485
1.8955	1	6	3	6485
1.896	1	6	3	6485
1.896	5	15	3	203
1.8965	1	6	3	6485
1.8965	5	15	3	203
1.897	1	6	3	6485
1.897	5	15	3	203
1.8975	1	6	3	6485
1.8975	5	15	3	203
1.898	1	6	3	6485
1.898	5	15	3	203
1.8985	1	6	3	6485
1.8985	5	15	3	203
1.899	1	6	3	6485
1.899	5	15	3	6485
1.8995	1	6	3	6485
1.8995	5	15	3	6485
1.9	1	6	3	6485
1.9	5	15	3	6485
1.9005	1	6	3	6485
1.9005	5	15	3	6485
1.901	1	6	3	6485
1.901	5	15	3	6485
1.9015	1	6	3	6485
1.902	1	6	3	5946
1.902	5	15	3	6485
1.9025	1	6	3	6485
1.9025	5	15	3	6485
1.903	1	6	3	6485
1.903	5	15	3	6485
1.9035	1	6	3	6485
1.9035	5	15	3	5946
1.904	1	6	3	6485
1.904	5	15	3	6485
1.9045	1	6	3	6485
1.9045	5	15	3	6485
1.905	1	6	3	6485
1.905	5	15	3	6485
1.9055	1	6	3	6485
1.9055	5	15	3	6485
1.906	1	6	3	5946
1.906	5	15	3	6485
1.9065	1	6	3	6485
1.9065	5	15	3	6485
1.907	1	6	3	6485
1.907	5	15	3	6485
1.9075	1	6	3	6485
1.9075	5	15	3	6485
1.908	1	6	3	6485
1.908	5	15	3	6485
1.9085	1	6	3	6485
1.9085	5	15	3	5946
1.909	1	6	3	6485
1.9095	1	6	3	6485
1.91	1	6	3	6485
1.91	5	15	3	5946
1.9105	1	6	3	6485
1.9105	5	15	3	5946
1.911	1	6	3	6485
1.911	5	15	3	6485
1.9115	1	6	3	6485
1.9115	5	15	3	6485
1.912	1	6	3	6485
1.912	5	15	3	6485
1.9125	1	6	3	6485
1.9125	5	15	3	6485
1.913	1	6	3	6485
1.913	5	15	3	6485
1.9135	1	6	3	2819
1.9135	5	15	3	6485
1.914	5	15	3	6485
1.915	5	15	3	6485
1.9155	5	15	3	6485
1.916	5	15	3	6485
1.9165	5	15	3	6485
1.917	5	15	3	6485
1.918	5	15	3	6485
1.9185	5	15	3	6485
1.919	5	15	3	6485
1.9195	5	15	3	6485
1.92	5	15	3	6485
1.9205	5	15	3	6485
1.921	5	15	3	6485
1.9215	5	15	3	6485
1.922	5	15	3	6485
1.9225	5	15	3	6485
1.923	5	15	3	6485
1.9235	5	15	3	6485
1.924	5	15	3	6485
1.9245	5	15	3	5946
1.9255	5	15	3	5946
1.9275	5	15	3	6485
1.928	5	15	3	6485
1.9285	5	15	3	6485
1.929	5	15	3	6485
1.9295	5	15	3	6485
1.93	5	15	3	6485
1.931	5	15	3	6485
1.9315	5	15	3	6485
1.932	5	15	3	6485
1.933	5	15	3	5946
1.9335	5	15	3	5946
1.9345	5	15	3	6485
1.935	5	15	3	5946
1.9355	5	15	3	6485
1.936	5	15	3	6485
1.9365	5	15	3	6485
1.937	5	15	3	6485
1.938	5	15	3	6485
1.9385	5	15	3	6485
1.939	5	15	3	6485
1.94	5	15	3	6485
1.9405	5	15	3	6485
1.9415	5	15	3	6485
1.942	5	15	3	6485
1.9425	5	15	3	6485
1.943	5	15	3	6485
1.9435	5	15	3	5946
1.944	5	15	3	6485
1.9445	5	15	3	6485
1.945	5	15	3	6485
1.9455	5	15	3	6485
1.946	5	15	3	6485
1.9465	5	15	3	6485
1.9475	5	15	3	2819
2.006	1	11	3	203
2.0065	1	11	3	203
2.007	1	11	3	203
2.0075	1	11	3	203
2.008	1	11	3	203
2.008	5	1	3	203
2.0085	1	11	3	186
2.0085	5	1	3	203
2.009	1	11	3	6485
2.009	5	1	3	203
2.0095	1	11	3	6485
2.0095	5	1	3	203
2.01	1	11	3	6485
2.01	5	1	3	203
2.0105	1	11	3	6485
2.0105	5	1	3	203
2.011	1	11	3	6485
2.011	5	1	3	6485
2.0115	1	11	3	6485
2.0115	5	1	3	6485
2.012	1	11	3	5946
2.012	5	1	3	6485
2.0125	1	11	3	5946
2.0125	5	1	3	6485
2.013	1	11	3	6485
2.013	5	1	3	5946
2.0135	1	11	3	6485
2.0135	5	1	3	5946
2.014	1	11	3	6485
2.014	5	1	3	6485
2.0145	1	11	3	5946
2.0145	5	1	3	6485
2.015	1	11	3	6485
2.015	5	1	3	5946
2.0155	1	11	3	6485
2.0155	5	1	3	6485
2.016	1	11	3	6485
2.016	5	1	3	6485
2.0165	1	11	3	6485
2.0165	5	1	3	6485
2.017	1	11	3	6485
2.017	5	1	3	6485
2.0175	1	11	3	6485
2.0175	5	1	3	6485
2.018	1	11	3	6485
2.018	5	1	3	6485
2.0185	1	11	3	6485
2.0185	5	1	3	6485
2.019	1	11	3	6485
2.019	5	1	3	6485
2.0195	1	11	3	6485
2.0195	5	1	3	6485
2.02	1	11	3	6485
2.02	5	1	3	6485
2.0205	1	11	3	6485
2.0205	5	1	3	6485
2.021	1	11	3	6485
2.021	5	1	3	6485
2.0215	1	11	3	6485
2.0215	5	1	3	6485
2.022	1	11	3	5946
2.022	5	1	3	6485
2.0225	1	11	3	6485
2.0225	5	1	3	6485
2.023	1	11	3	6485
2.023	5	1	3	6485
2.0235	1	11	3	6485
2.0235	5	1	3	5946
2.024	1	11	3	6485
2.024	5	1	3	6485
2.0245	1	11	3	6485
2.0245	5	1	3	6485
2.025	1	11	3	6485
2.025	5	1	3	6485
2.0255	1	11	3	6485
2.0255	5	1	3	6485
2.026	1	11	3	5946
2.026	5	1	3	6485
2.0265	1	11	3	6485
2.0265	5	1	3	6485
2.027	1	11	3	6485
2.027	5	1	3	6485
2.0275	1	11	3	6485
2.0275	5	1	3	6485
2.028	1	11	3	6485
2.028	5	1	3	6485
2.0285	1	11	3	6485
2.0285	5	1	3	5946
2.029	1	11	3	6485
2.029	5	1	3	6485
2.0295	1	11	3	6485
2.0295	5	1	3	6485
2.03	1	11	3	6485
2.03	5	1	3	5946
2.0305	1	11	3	6485
2.0305	5	1	3	5946
2.031	1	11	3	6485
2.031	5	1	3	6485
2.0315	1	11	3	6485
2.0315	5	1	3	6485
2.032	1	11	3	6485
2.032	5	1	3	6485
2.0325	1	11	3	6485
2.0325	5	1	3	6485
2.033	1	11	3	6485
2.033	5	1	3	6485
2.0335	1	11	3	6485
2.0335	5	1	3	6485
2.034	1	11	3	6485
2.034	5	1	3	6485
2.0345	1	11	3	6485
2.0345	5	1	3	6485
2.035	1	11	3	6485
2.035	5	1	3	6485
2.0355	1	11	3	6485
2.0355	5	1	3	6485
2.036	1	11	3	5946
2.036	5	1	3	6485
2.0365	1	11	3	5946
2.0365	5	1	3	6485
2.037	1	11	3	6485
2.037	5	1	3	6485
2.0375	1	11	3	6485
2.0375	5	1	3	6485
2.038	1	11	3	6485
2.038	5	1	3	6485
2.0385	1	11	3	6485
2.0385	5	1	3	6485
2.039	1	11	3	6485
2.039	5	1	3	6485
2.0395	1	11	3	6485
2.0395	5	1	3	6485
2.04	1	11	3	6485
2.04	5	1	3	6485
2.0405	1	11	3	6485
2.0405	5	1	3	6485
2.041	1	11	3	6485
2.041	5	1	3	6485
2.0415	1	11	3	5946
2.0415	5	1	3	6485
2.042	1	11	3	6485
2.042	5	1	3	6485
2.0425	1	11	3	6485
2.0425	5	1	3	6485
2.043	1	11	3	6485
2.043	5	1	3	6485
2.0435	1	11	3	6485
2.0435	5	1	3	6485
2.044	1	11	3	6485
2.044	5	1	3	6485
2.0445	1	11	3	6485
2.0445	5	1	3	5946
2.045	1	11	3	5946
2.045	5	1	3	6485
2.0455	1	11	3	6485
2.0455	5	1	3	5946
2.046	1	11	3	6485
2.046	5	1	3	6485
2.0465	1	11	3	6485
2.0465	5	1	3	6485
2.047	1	11	3	6485
2.047	5	1	3	5946
2.0475	1	11	3	6485
2.0475	5	1	3	6485
2.048	1	11	3	6485
2.048	5	1	3	6485
2.0485	1	11	3	5946
2.0485	5	1	3	6485
2.049	1	11	3	6485
2.049	5	1	3	6485
2.0495	1	11	3	2836
2.0495	5	1	3	6485
2.05	5	1	3	6485
2.0505	5	1	3	6485
2.051	5	1	3	6485
2.0515	5	1	3	2819
2.064	5	2	3	203
2.0645	5	2	3	203
2.065	5	2	3	203
2.0655	5	2	3	203
2.066	5	2	3	203
2.0665	5	2	3	203
2.067	5	2	3	6485
2.0675	5	2	3	6485
2.068	5	2	3	6485
2.0685	5	2	3	5946
2.069	5	2	3	6485
2.0695	5	2	3	6485
2.07	5	2	3	5946
2.0705	5	2	3	5946
2.071	5	2	3	6485
2.0715	5	2	3	6485
2.072	5	2	3	6485
2.0725	5	2	3	6485
2.073	5	2	3	6485
2.0735	5	2	3	6485
2.074	5	2	3	6485
2.0745	5	2	3	6485
2.075	5	2	3	6485
2.0755	5	2	3	6485
2.076	5	2	3	6485
2.0765	5	2	3	6485
2.077	5	2	3	6485
2.0775	5	2	3	6485
2.078	5	2	3	6485
2.0785	5	2	3	6485
2.079	5	2	3	6485
2.0795	5	2	3	6485
2.08	5	2	3	6485
2.0805	5	2	3	6485
2.081	5	2	3	6485
2.0815	5	2	3	6485
2.082	5	2	3	6485
2.0825	5	2	3	6485
2.083	5	2	3	6485
2.0835	5	2	3	6485
2.084	5	2	3	6485
2.0845	5	2	3	5946
2.085	5	2	3	6485
2.0855	5	2	3	5946
2.086	5	2	3	6485
2.0865	5	2	3	6485
2.087	5	2	3	5946
2.0875	5	2	3	6485
2.088	5	2	3	6485
2.0885	5	2	3	6485
2.089	5	2	3	6485
2.0895	5	2	3	6485
2.09	5	2	3	6485
2.0905	5	2	3	6485
2.091	5	2	3	6485
2.0915	5	2	3	6485
2.092	5	2	3	6485
2.0925	5	2	3	6485
2.093	5	2	3	5946
2.0935	5	2	3	5946
2.094	5	2	3	6485
2.0945	5	2	3	6485
2.095	5	2	3	5946
2.0955	5	2	3	6485
2.096	5	2	3	6485
2.0965	5	2	3	6485
2.097	5	2	3	6485
2.0975	5	2	3	6485
2.098	5	2	3	6485
2.0985	5	2	3	6485
2.099	5	2	3	6485
2.0995	5	2	3	6485
2.1	5	2	3	6485
2.1005	5	2	3	6485
2.101	5	2	3	6485
2.1015	5	2	3	6485
2.102	5	2	3	6485
2.1025	5	2	3	6485
2.103	5	2	3	6485
2.1035	5	2	3	5946
2.104	5	2	3	6485
2.1045	5	2	3	6485
2.105	5	2	3	6485
2.1055	5	2	3	6485
2.106	5	2	3	6485
2.1065	5	2	3	6485
2.107	5	2	3	6485
2.1075	5	2	3	2819
2.1685	5	3	3	203
2.169	5	3	3	203
2.1695	5	3	3	203
2.17	5	3	3	203
2.1705	5	3	3	203
2.171	5	3	3	203
2.1715	5	3	3	6485
2.172	5	3	3	6485
2.1725	5	3	3	6485
2.173	5	3	3	5946
2.1735	5	3	3	5946
2.174	5	3	3	6485
2.1745	5	3	3	6485
2.175	5	3	3	5946
2.1755	5	3	3	6485
2.176	5	3	3	6485
2.1765	5	3	3	6485
2.177	5	3	3	6485
2.1775	5	3	3	6485
2.178	5	3	3	6485
2.1785	5	3	3	6485
2.179	5	3	3	6485
2.1795	5	3	3	6485
2.18	5	3	3	6485
2.1805	5	3	3	6485
2.181	5	3	3	6485
2.1815	5	3	3	6485
2.182	5	3	3	6485
2.1825	5	3	3	6485
2.183	5	3	3	6485
2.1835	5	3	3	5946
2.184	5	3	3	6485
2.1845	5	3	3	6485
2.185	5	3	3	6485
2.1855	5	3	3	6485
2.186	5	3	3	6485
2.1865	5	3	3	6485
2.187	5	3	3	6485
2.1875	5	3	3	6485
2.188	5	3	3	6485
2.1885	5	3	3	5946
2.189	5	3	3	6485
2.1895	5	3	3	6485
2.19	5	3	3	5946
2.1905	5	3	3	5946
2.191	5	3	3	3241
2.191	5	4	3	98
2.1915	5	3	3	3241
2.1915	5	4	3	98
2.192	5	3	3	3241
2.192	5	4	3	98
2.1925	5	3	3	3241
2.1925	5	4	3	98
2.193	5	3	3	3241
2.193	5	4	3	98
2.1935	5	3	3	3241
2.1935	5	4	3	98
2.194	5	3	3	3241
2.194	5	4	3	3241
2.1945	5	3	3	3241
2.1945	5	4	3	3241
2.195	5	3	3	3241
2.195	5	4	3	3241
2.1955	5	3	3	3241
2.1955	5	4	3	3241
2.196	5	3	3	3241
2.196	5	4	3	3241
2.1965	5	3	3	3241
2.1965	5	4	3	3241
2.197	5	3	3	3241
2.197	5	4	3	3241
2.1975	5	3	3	3241
2.1975	5	4	3	3241
2.198	5	3	3	3241
2.198	5	4	3	3241
2.1985	5	3	3	3241
2.1985	5	4	3	3241
2.199	5	3	3	3241
2.199	5	4	3	3241
2.1995	5	3	3	3241
2.1995	5	4	3	3241
2.2	5	3	3	3241
2.2	5	4	3	3241
2.2005	5	3	3	3241
2.2005	5	4	3	3241
2.201	5	3	3	3241
2.201	5	4	3	3241
2.2015	5	3	3	3241
2.2015	5	4	3	3241
2.202	5	3	3	3241
2.202	5	4	3	3241
2.2025	5	3	3	3241
2.2025	5	4	3	3241
2.203	5	3	3	3241
2.203	5	4	3	3241
2.2035	5	3	3	3241
2.2035	5	4	3	3241
2.204	5	3	3	3241
2.204	5	4	3	3241
2.2045	5	3	3	2701
2.2045	5	4	3	3241
2.205	5	3	3	3241
2.205	5	4	3	3241
2.2055	5	3	3	3241
2.2055	5	4	3	2701
2.206	5	3	3	3241
2.206	5	4	3	3241
2.2065	5	3	3	3241
2.2065	5	4	3	3241
2.207	5	3	3	2701
2.207	5	4	3	3241
2.2075	5	3	3	3241
2.2075	5	4	3	3241
2.208	5	3	3	3241
2.208	5	4	3	3241
2.2085	5	3	3	3241
2.2085	5	4	3	3241
2.209	5	3	3	3241
2.209	5	4	3	3241
2.2095	5	3	3	3241
2.2095	5	4	3	3241
2.21	5	3	3	3241
2.21	5	4	3	3241
2.2105	5	3	3	3241
2.2105	5	4	3	3241
2.211	5	3	3	3241
2.211	5	4	3	3241
2.2115	5	3	3	3241
2.2115	5	4	3	3241
2.212	5	3	3	3241
2.212	5	4	3	3241
2.2125	5	3	3	3241
2.2125	5	4	3	3241
2.213	5	3	3	3241
2.213	5	4	3	2701
2.2135	5	3	3	2701
2.2135	5	4	3	3241
2.214	5	3	3	3241
2.214	5	4	3	3241
2.2145	5	3	3	3241
2.2145	5	4	3	3241
2.215	5	3	3	3241
2.215	5	4	3	2701
2.2155	5	3	3	3241
2.2155	5	4	3	3241
2.216	5	3	3	3241
2.216	5	4	3	3241
2.2165	5	3	3	3241
2.2165	5	4	3	3241
2.217	5	3	3	3241
2.217	5	4	3	3241
2.2175	5	3	3	3241
2.2175	5	4	3	3241
2.218	5	3	3	3241
2.218	5	4	3	3241
2.2185	5	3	3	3241
2.2185	5	4	3	3241
2.219	5	3	3	3241
2.219	5	4	3	3241
2.2195	5	3	3	3241
2.2195	5	4	3	3241
2.22	5	3	3	3241
2.22	5	4	3	3241
2.2205	5	3	3	3241
2.2205	5	4	3	3241
2.221	5	3	3	3241
2.221	5	4	3	3241
2.2215	5	3	3	3241
2.2215	5	4	3	3241
2.222	5	3	3	3241
2.222	5	4	3	3241
2.2225	5	3	3	3241
2.2225	5	4	3	3241
2.223	5	3	3	3241
2.223	5	4	3	3241
2.2235	5	3	3	2701
2.2235	5	4	3	3241
2.224	5	3	3	3241
2.224	5	4	3	3241
2.2245	5	3	3	3241
2.2245	5	4	3	3241
2.225	5	3	3	3241
2.225	5	4	3	3241
2.2255	5	3	3	3241
2.2255	5	4	3	3241
2.226	5	3	3	3241
2.226	5	4	3	3241
2.2265	5	3	3	3241
2.2265	5	4	3	3241
2.227	5	3	3	3241
2.227	5	4	3	3241
2.2275	5	3	3	3241
2.2275	5	4	3	3241
2.228	5	3	3	3241
2.228	5	4	3	3241
2.2285	5	3	3	3241
2.2285	5	4	3	2701
2.229	5	3	3	3241
2.229	5	4	3	3241
2.2295	5	3	3	3241
2.2295	5	4	3	3241
2.23	5	3	3	2701
2.23	5	4	3	3241
2.2305	5	3	3	3241
2.2305	5	4	3	2701
2.231	5	3	3	3241
2.231	5	4	3	3241
2.2315	5	3	3	3241
2.2315	5	4	3	3241
2.232	5	3	3	3241
2.232	5	4	3	3241
2.2325	5	3	3	3241
2.2325	5	4	3	3241
2.233	5	3	3	3241
2.233	5	4	3	3241
2.2335	5	3	3	872
2.2335	5	4	3	5403
2.234	5	4	3	6485
2.2345	5	4	3	6485
2.235	5	4	3	6485
2.2355	5	4	3	6485
2.236	5	4	3	6485
2.2365	5	4	3	6485
2.237	5	4	3	6485
2.2375	5	4	3	6485
2.238	5	4	3	6485
2.2385	5	4	3	6485
2.239	5	4	3	6485
2.2395	5	4	3	6485
2.24	5	4	3	6485
2.2405	5	4	3	6485
2.241	5	4	3	6485
2.2415	5	4	3	6485
2.242	5	4	3	6485
2.2425	5	4	3	6485
2.243	5	4	3	3241
2.243	5	5	3	98
2.2435	5	4	3	3241
2.2435	5	5	3	98
2.244	5	4	3	3241
2.244	5	5	3	98
2.2445	5	4	3	2701
2.2445	5	5	3	98
2.245	5	4	3	3241
2.245	5	5	3	98
2.2455	5	4	3	3241
2.2455	5	5	3	81
2.246	5	4	3	3241
2.246	5	5	3	3241
2.2465	5	4	3	3241
2.2465	5	5	3	3241
2.247	5	4	3	2701
2.247	5	5	3	3241
2.2475	5	4	3	3241
2.2475	5	5	3	3241
2.248	5	4	3	3241
2.248	5	5	3	3241
2.2485	5	4	3	3241
2.2485	5	5	3	3241
2.249	5	4	3	3241
2.249	5	5	3	3241
2.2495	5	4	3	3241
2.2495	5	5	3	3241
2.25	5	4	3	3241
2.25	5	5	3	3241
2.2505	5	4	3	3241
2.2505	5	5	3	3241
2.251	5	4	3	3241
2.251	5	5	3	3241
2.2515	5	4	3	3241
2.2515	5	5	3	3241
2.252	5	4	3	3241
2.252	5	5	3	3241
2.2525	5	4	3	3241
2.2525	5	5	3	3241
2.253	5	4	3	3241
2.253	5	5	3	2701
2.2535	5	4	3	2701
2.2535	5	5	3	3241
2.254	5	4	3	3241
2.254	5	5	3	3241
2.2545	5	4	3	3241
2.2545	5	5	3	3241
2.255	5	4	3	3241
2.255	5	5	3	2701
2.2555	5	4	3	3241
2.2555	5	5	3	3241
2.256	5	4	3	3241
2.256	5	5	3	3241
2.2565	5	4	3	3241
2.2565	5	5	3	3241
2.257	5	4	3	3241
2.257	5	5	3	3241
2.2575	5	4	3	3241
2.2575	5	5	3	3241
2.258	5	4	3	3241
2.258	5	5	3	3241
2.2585	5	4	3	3241
2.2585	5	5	3	3241
2.259	5	4	3	3241
2.259	5	5	3	3241
2.2595	5	4	3	3241
2.2595	5	5	3	3241
2.26	5	4	3	3241
2.26	5	5	3	3241
2.2605	5	4	3	3241
2.2605	5	5	3	3241
2.261	5	4	3	3241
2.261	5	5	3	3241
2.2615	5	4	3	3241
2.2615	5	5	3	3241
2.262	5	4	3	3241
2.262	5	5	3	3241
2.2625	5	4	3	3241
2.2625	5	5	3	3241
2.263	5	4	3	3241
2.263	5	5	3	3241
2.2635	5	4	3	2701
2.2635	5	5	3	3241
2.264	5	4	3	3241
2.264	5	5	3	3241
2.2645	5	4	3	3241
2.2645	5	5	3	3241
2.265	5	4	3	3241
2.265	5	5	3	3241
2.2655	5	4	3	3241
2.2655	5	5	3	3241
2.266	5	4	3	1071
2.266	5	5	3	4864
2.2665	5	5	3	6485
2.267	5	5	3	6485
2.2675	5	5	3	6485
2.268	5	5	3	6485
2.2685	5	5	3	5946
2.269	5	5	3	6485
2.2695	5	5	3	6485
2.27	5	5	3	5946
2.2705	5	5	3	5946
2.271	5	5	3	6485
2.2715	5	5	3	6485
2.272	5	5	3	6485
2.2725	5	5	3	6485
2.273	5	5	3	6485
2.2735	5	5	3	6485
2.274	5	5	3	6485
2.2745	5	5	3	6485
2.275	5	5	3	6485
2.2755	5	5	3	6485
2.276	5	5	3	6485
2.2765	5	5	3	6485
2.277	5	5	3	6485
2.2775	5	5	3	6485
2.278	5	5	3	6485
2.2785	5	5	3	6485
2.279	5	5	3	6485
2.2795	5	5	3	6485
2.28	5	5	3	6485
2.2805	5	5	3	6485
2.281	5	5	3	6485
2.2815	5	5	3	6485
2.282	5	5	3	6485
2.2825	5	5	3	6485
2.283	5	5	3	6485
2.2835	5	5	3	6485
2.284	5	5	3	6485
2.2845	5	5	3	5946
2.285	5	5	3	6485
2.2855	5	5	3	5946
2.286	5	5	3	6485
2.2865	5	5	3	6485
2.287	5	5	3	5946
2.2875	5	5	3	6485
2.288	5	5	3	6485
2.2885	5	5	3	6485
2.289	5	5	3	6485
2.2895	5	5	3	6485
2.29	5	5	3	6485
2.2905	5	5	3	6485
2.291	5	5	3	6485
2.2915	5	5	3	6485
2.292	5	5	3	6485
2.2925	5	5	3	6485
2.293	5	5	3	5946
2.2935	5	5	3	5946
2.294	5	5	3	6485
2.2945	5	5	3	6485
2.295	5	5	3	5946
2.2955	5	5	3	6485
2.296	5	5	3	6485
2.2965	5	5	3	5727
2.3045	1	12	3	203
2.305	1	12	3	203
2.3055	1	12	3	203
2.306	1	12	3	186
2.3065	1	12	3	203
2.307	1	12	3	203
2.3075	1	12	3	6485
2.308	1	12	3	6485
2.3085	1	12	3	6485
2.309	1	12	3	6485
2.3095	1	12	3	6485
2.31	1	12	3	6485
2.3105	1	12	3	6485
2.311	1	12	3	6485
2.3115	1	12	3	6485
2.312	1	12	3	6485
2.3125	1	12	3	6485
2.313	1	12	3	6485
2.3135	1	12	3	6485
2.314	1	12	3	6485
2.3145	1	12	3	6485
2.315	1	12	3	6485
2.3155	1	12	3	6485
2.316	1	12	3	5946
2.3165	1	12	3	5946
2.317	1	12	3	6485
2.3175	1	12	3	6485
2.318	1	12	3	6485
2.3185	1	12	3	6485
2.319	1	12	3	6485
2.3195	1	12	3	6485
2.32	1	12	3	6485
2.3205	1	12	3	6485
2.321	1	12	3	6485
2.3215	1	12	3	5946
2.322	1	12	3	6485
2.3225	1	12	3	6485
2.323	1	12	3	6485
2.3235	1	12	3	6485
2.324	1	12	3	6485
2.3245	1	12	3	6485
2.325	1	12	3	5946
2.3255	1	12	3	6485
2.326	1	12	3	6485
2.3265	1	12	3	6485
2.327	1	12	3	6485
2.3275	1	12	3	6485
2.328	1	12	3	6485
2.3285	1	12	3	5946
2.329	1	12	3	6485
2.3295	1	12	3	6485
2.33	1	12	3	6485
2.3305	1	12	3	6485
2.331	1	12	3	6485
2.3315	1	12	3	6485
2.332	1	12	3	5946
2.3325	1	12	3	5946
2.333	1	12	3	6485
2.3335	1	12	3	6485
2.334	1	12	3	6485
2.3345	1	12	3	5946
2.335	1	12	3	6485
2.3355	1	12	3	6485
2.336	1	12	3	6485
2.3365	1	12	3	6485
2.337	1	12	3	6485
2.3375	1	12	3	6485
2.338	1	12	3	6485
2.3385	1	12	3	6485
2.339	1	12	3	6485
2.3395	1	12	3	6485
2.34	1	12	3	6485
2.3405	1	12	3	6485
2.341	1	12	3	6485
2.3415	1	12	3	6485
2.342	1	12	3	5946
2.3425	1	12	3	6485
2.343	1	12	3	6485
2.3435	1	12	3	6485
2.344	1	12	3	6485
2.3445	1	12	3	6485
2.345	1	12	3	6485
2.3455	1	12	3	6485
2.346	1	12	3	5946
2.3465	1	12	3	6485
2.347	1	12	3	6485
2.3475	1	12	3	6485
2.348	1	12	3	2834
2.3665	1	13	3	203
2.367	1	13	3	203
2.3675	1	13	3	203
2.368	1	13	3	203
2.3685	1	13	3	186
2.369	1	13	3	203
2.3695	1	13	3	3923
2.37	1	13	3	3923
2.3705	1	13	3	3923
2.371	1	13	3	3923
2.3715	1	13	3	3923
2.372	1	13	3	3595
2.3725	1	13	3	3595
2.373	1	13	3	3923
2.3735	1	13	3	3923
2.374	1	13	3	3923
2.3745	1	13	3	3595
2.375	1	13	3	3923
2.3755	1	13	3	3923
2.376	1	13	3	3923
2.3765	1	13	3	3923
2.377	1	13	3	3923
2.3775	1	13	3	3923
2.378	1	13	3	3923
2.3785	1	13	3	3923
2.379	1	13	3	3923
2.3795	1	13	3	3923
2.38	1	13	3	3923
2.3805	1	13	3	3923
2.381	1	13	3	3923
2.3815	1	13	3	3923
2.382	1	13	3	3595
2.3825	1	13	3	3923
2.383	1	13	3	3923
2.3835	1	13	3	3923
2.384	1	13	3	3923
2.3845	1	13	3	3923
2.385	1	13	3	3923
2.3855	1	13	3	3923
2.386	1	13	3	3595
2.3865	1	13	3	3923
2.387	1	13	3	3923
2.3875	1	13	3	3923
2.388	1	13	3	3923
2.3885	1	13	3	3923
2.389	1	13	3	3923
2.3895	1	13	3	3923
2.39	1	13	3	3923
2.39	5	11	3	186
2.3905	1	13	3	3923
2.3905	5	11	3	186
2.391	1	13	3	3923
2.391	5	11	3	203
2.3915	1	13	3	3923
2.3915	5	11	3	203
2.392	1	13	3	3923
2.392	5	11	3	203
2.3925	1	13	3	3923
2.3925	5	11	3	203
2.393	1	13	3	3923
2.393	5	11	3	6485
2.3935	1	13	3	3923
2.3935	5	11	3	6485
2.394	1	13	3	3923
2.394	5	11	3	6485
2.3945	1	13	3	3923
2.3945	5	11	3	6485
2.395	1	13	3	3923
2.395	5	11	3	6485
2.3955	1	13	3	3923
2.3955	5	11	3	6485
2.396	1	13	3	3595
2.396	5	11	3	6485
2.3965	1	13	3	3595
2.3965	5	11	3	6485
2.397	1	13	3	3923
2.397	5	11	3	6485
2.3975	1	13	3	3923
2.3975	5	11	3	6485
2.398	1	13	3	3923
2.398	5	11	3	6485
2.3985	1	13	3	3923
2.3985	5	11	3	6485
2.399	1	13	3	3923
2.399	5	11	3	6485
2.3995	1	13	3	3923
2.3995	5	11	3	6485
2.4	1	13	3	3923
2.4	5	11	3	6485
2.4005	1	13	3	3923
2.4005	5	11	3	6485
2.401	1	13	3	3923
2.401	5	11	3	6485
2.4015	1	13	3	3595
2.4015	5	11	3	6485
2.402	1	13	3	3923
2.402	5	11	3	6485
2.4025	1	13	3	3923
2.4025	5	11	3	6485
2.403	1	13	3	3923
2.403	5	11	3	6485
2.4035	1	13	3	3923
2.4035	5	11	3	6485
2.404	1	13	3	3923
2.404	5	11	3	6485
2.4045	1	13	3	3923
2.4045	5	11	3	5946
2.405	1	13	3	3595
2.405	5	11	3	6485
2.4055	1	13	3	3923
2.4055	5	11	3	5946
2.406	1	13	3	3923
2.406	5	11	3	6485
2.4065	1	13	3	3923
2.4065	5	11	3	6485
2.407	1	13	3	3923
2.407	5	11	3	5946
2.4075	1	13	3	3923
2.4075	5	11	3	6485
2.408	1	13	3	3923
2.408	5	11	3	6485
2.4085	1	13	3	3595
2.4085	5	11	3	6485
2.409	1	13	3	3923
2.409	5	11	3	6485
2.4095	1	13	3	3923
2.4095	5	11	3	6485
2.41	1	13	3	3923
2.41	5	11	3	6485
2.4105	1	13	3	3923
2.4105	5	11	3	6485
2.411	1	13	3	3923
2.411	5	11	3	6485
2.4115	1	13	3	3923
2.4115	5	11	3	6485
2.412	1	13	3	3595
2.412	5	11	3	6485
2.4125	1	13	3	3595
2.4125	5	11	3	6485
2.413	1	13	3	3923
2.413	5	11	3	5946
2.4135	1	13	3	3923
2.4135	5	11	3	5946
2.414	1	13	3	3923
2.414	5	11	3	6485
2.4145	1	13	3	3595
2.4145	5	11	3	6485
2.415	1	13	3	3923
2.415	5	11	3	5946
2.4155	1	13	3	3923
2.4155	5	11	3	6485
2.416	1	13	3	3923
2.416	5	11	3	6485
2.4165	1	13	3	3923
2.4165	5	11	3	6485
2.417	1	13	3	3923
2.417	5	11	3	6485
2.4175	1	13	3	3923
2.4175	5	11	3	6485
2.418	1	13	3	3923
2.418	5	11	3	6485
2.4185	1	13	3	3923
2.4185	5	11	3	6485
2.419	1	13	3	3923
2.419	5	11	3	6485
2.4195	1	13	3	3923
2.4195	5	11	3	6485
2.42	1	13	3	3923
2.42	5	11	3	6485
2.4205	1	13	3	3923
2.4205	5	11	3	6485
2.421	1	13	3	3923
2.421	5	11	3	6485
2.4215	1	13	3	3923
2.4215	5	11	3	6485
2.422	1	13	3	3595
2.422	5	11	3	6485
2.4225	1	13	3	3923
2.4225	5	11	3	6485
2.423	1	13	3	3923
2.423	5	11	3	6485
2.4235	1	13	3	3923
2.4235	5	11	3	5946
2.424	1	13	3	3923
2.424	5	11	3	6485
2.4245	1	13	3	3923
2.4245	5	11	3	6485
2.425	1	13	3	3923
2.425	5	11	3	6485
2.4255	1	13	3	3923
2.4255	5	11	3	6485
2.426	1	13	3	3595
2.426	5	11	3	6485
2.4265	1	13	3	3923
2.4265	5	11	3	6485
2.427	1	13	3	3923
2.427	5	11	3	6485
2.4275	1	13	3	3923
2.4275	5	11	3	6485
2.428	1	13	3	3923
2.428	5	11	3	6485
2.4285	1	13	3	3923
2.4285	5	11	3	5946
2.429	1	13	3	3923
2.429	5	11	3	6485
2.4295	1	13	3	3923
2.4295	5	11	3	6485
2.43	1	13	3	3923
2.43	5	11	3	5946
2.4305	1	13	3	3923
2.4305	5	11	3	5946
2.431	1	13	3	3923
2.431	5	11	3	6485
2.4315	1	13	3	3923
2.4315	5	11	3	6485
2.432	1	13	3	3923
2.432	5	11	3	6485
2.4325	1	13	3	3923
2.4325	5	11	3	6485
2.433	1	13	3	3923
2.433	5	11	3	6485
2.4335	1	14	3	98
2.4335	1	13	3	1961
2.4335	5	11	3	2853
2.434	1	14	3	98
2.434	1	13	3	1961
2.4345	1	14	3	98
2.4345	1	13	3	1961
2.435	1	14	3	98
2.435	1	13	3	1961
2.4355	1	14	3	98
2.4355	1	13	3	1961
2.436	1	14	3	98
2.436	1	13	3	1633
2.4365	1	14	3	2497
2.4365	1	13	3	1961
2.437	1	14	3	2999
2.437	1	13	3	1961
2.4375	1	14	3	2999
2.4375	1	13	3	1961
2.438	1	14	3	2999
2.438	1	13	3	1961
2.4385	1	14	3	2999
2.4385	1	13	3	1961
2.439	1	14	3	2999
2.439	1	13	3	1961
2.4395	1	14	3	2999
2.4395	1	13	3	1961
2.44	1	14	3	4998
2.44	1	13	3	492
2.4405	1	14	3	5998
2.441	1	14	3	5998
2.4415	1	14	3	5497
2.442	1	14	3	5998
2.4425	1	14	3	5998
2.443	1	14	3	5998
2.4435	1	14	3	5998
2.4445	1	14	3	5998
2.445	1	14	3	5497
2.4455	1	14	3	5998
2.446	1	14	3	5998
2.4465	1	14	3	5998
2.447	1	14	3	5998
2.4475	1	14	3	5998
2.448	1	14	3	5998
2.4485	1	14	3	5497
2.449	1	14	3	5998
2.4495	1	14	3	5998
2.45	1	14	3	5998
2.4505	1	14	3	5998
2.451	1	14	3	5998
2.4515	1	14	3	5998
2.452	1	14	3	5497
2.4525	1	14	3	5497
2.453	1	14	3	5998
2.4535	1	14	3	5998
2.454	1	14	3	5998
2.4545	1	14	3	5497
2.455	1	14	3	5998
2.4555	1	14	3	5998
2.456	1	14	3	5998
2.4565	1	14	3	5998
2.457	1	14	3	5998
2.4575	1	14	3	5998
2.458	1	14	3	5998
2.4585	1	14	3	5998
2.459	1	14	3	5998
2.4595	1	14	3	5998
2.46	1	14	3	5998
2.4605	1	14	3	5998
2.461	1	14	3	5998
2.4615	1	14	3	5998
2.462	1	14	3	5497
2.4625	1	14	3	5998
2.463	1	14	3	5998
2.4635	1	14	3	5998
2.464	1	14	3	5998
2.4645	1	14	3	5998
2.465	1	14	3	5998
2.4655	1	14	3	5998
2.466	1	14	3	5497
2.4665	1	14	3	5998
2.467	1	14	3	5998
2.4675	1	14	3	5998
2.468	1	14	3	5998
2.4685	1	14	3	5998
2.469	1	14	3	5998
2.4695	1	14	3	5998
2.47	1	14	3	5998
2.4705	1	14	3	5998
2.471	1	14	3	5998
2.4715	1	14	3	5998
2.472	1	14	3	5998
2.4725	1	14	3	5998
2.473	1	14	3	5998
2.4735	1	14	3	5998
2.474	1	14	3	5998
2.4745	1	14	3	5998
2.475	1	14	3	5998
2.4755	1	14	3	5998
2.476	1	14	3	5497
2.4765	1	14	3	5497
2.477	1	14	3	5998
2.4775	1	14	3	5998
2.478	1	14	3	5998
2.479	1	14	3	5998
2.4795	1	14	3	5998
2.48	1	14	3	5998
2.4805	1	14	3	5998
2.481	1	14	3	5998
2.4815	1	14	3	5497
2.482	1	14	3	5998
2.4825	1	14	3	5998
2.483	1	14	3	5539
2.57	1	1	3	203
2.5705	1	1	3	203
2.571	1	1	3	203
2.5715	1	1	3	203
2.572	1	1	3	186
2.5725	1	1	3	186
2.573	1	1	3	5368
2.5735	1	1	3	5368
2.574	1	1	3	5368
2.5745	1	1	3	4923
2.575	1	1	3	5368
2.5755	1	1	3	5368
2.576	1	1	3	5368
2.5765	1	1	3	5368
2.577	1	1	3	5368
2.5775	1	1	3	5368
2.578	1	1	3	5368
2.5785	1	1	3	5368
2.579	1	1	3	5368
2.5795	1	1	3	5368
2.58	1	1	3	5368
2.5805	1	1	3	5368
2.581	1	1	3	5368
2.5815	1	1	3	5368
2.582	1	1	3	4923
2.5825	1	1	3	5368
2.583	1	1	3	5368
2.5835	1	1	3	5368
2.584	1	1	3	5368
2.5845	1	1	3	5368
2.585	1	1	3	5368
2.5855	1	1	3	5368
2.586	1	1	3	4923
2.5865	1	1	3	5368
2.587	1	1	3	5368
2.5875	1	1	3	5368
2.588	1	1	3	5368
2.5885	1	1	3	5368
2.589	1	1	3	5368
2.5895	1	1	3	5368
2.59	1	1	3	5368
2.5905	1	1	3	5368
2.591	1	1	3	5368
2.5915	1	1	3	5368
2.592	1	1	3	5368
2.5925	1	1	3	5368
2.593	1	1	3	5368
2.5935	1	1	3	5368
2.594	1	1	3	5368
2.5945	1	1	3	5368
2.595	1	1	3	5368
2.5955	1	1	3	5368
2.596	1	1	3	4923
2.5965	1	1	3	4923
2.597	1	1	3	5367
2.5975	1	1	3	5368
2.598	1	1	3	5368
2.5985	1	1	3	5368
2.599	1	1	3	5368
2.6	1	1	3	5368
2.6005	1	1	3	5368
2.601	1	1	3	5368
2.6015	1	1	3	4923
2.602	1	1	3	5368
2.6025	1	1	3	5368
2.603	1	1	3	5368
2.6035	1	1	3	5368
2.604	1	1	3	4474
2.6045	1	1	3	5368
2.605	1	1	3	4923
2.6055	1	1	3	5368
2.606	1	1	3	5368
2.6065	1	1	3	5368
2.607	1	1	3	442
2.6075	1	1	3	5367
2.608	1	1	3	5368
2.6085	1	1	3	4923
2.609	1	1	3	5368
2.6095	1	1	3	442
2.61	1	1	3	5368
2.6105	1	1	3	5368
2.611	1	1	3	5368
2.6115	1	1	3	5368
2.612	1	1	3	4923
2.6125	1	1	3	2235
2.613	1	1	3	5368
2.6135	1	1	3	5368
2.614	1	1	3	5368
2.6145	1	1	3	4923
2.615	1	1	3	5368
2.6155	1	1	3	3579
2.616	1	1	3	5368
2.6165	1	1	3	5368
2.617	1	1	3	5368
2.6175	1	1	3	5368
2.618	1	1	3	5368
2.6185	1	1	3	3579
2.619	1	1	3	5368
2.6195	1	1	3	5368
2.62	1	1	3	5368
2.6205	1	1	3	5368
2.621	1	1	3	5368
2.6215	1	1	3	2684
2.622	1	1	3	4923
2.6225	1	1	3	5368
2.623	1	1	3	5368
2.6235	1	1	3	5368
2.624	1	1	3	5368
2.6245	1	1	3	296
